987
2482636
5176222
6529854
5797407
3735973
8845120
2679827
2684273
9018917
2235990
6522844
5325691
7166143
7105595
4259118
3270489
2031891
3254638
3898501
3739343
7151734
4517296
8269402
3155441
187414
708547
7875770
6053837
3546543
3392449
6033278
7913460
3523832
9777232
4876851
1675922
5257348
7746209
2839063
8533098
8673054
9515164
1630662
8995544
8791104
2917923
7667123
3975983
3081179
9754975
3442857
4915954
5661816
2710823
2821781
8687956
1554208
3922101
580074
2566908
9311497
9762572
715603
8827979
7764
3160921
8757802
478748
6119781
6923243
3036864
2561785
2107339
709990
844442
8985949
3765669
5569287
974592
3691155
7483686
9646012
6676323
2863853
5400413
8467703
2949267
2593289
9485393
3856615
7752942
1440747
7617788
4325170
6302077
4456568
6892299
4056315
2533500
8356115
7518715
366947
3831998
5515814
1622548
2840601
7851763
7670137
60595
1249648
4286186
8556986
9434557
9477627
2341253
5507000
3917006
2552407
5440725
8085112
2864848
5821880
6049928
3455985
7998505
8210429
8959085
204635
3935891
4450185
4463989
9604775
3505096
9474868
6844352
8873664
4556795
8629772
9925931
5223758
7005179
3399371
5564857
6585828
7628600
373748
1655027
29998
8481812
9265838
6909673
7452684
1178405
7107869
5014268
79199
6079353
1567674
605371
7598537
8833715
7105349
6098538
4289506
3880671
5362364
9679105
9198273
8240817
1312752
2853481
4633332
5743122
823213
3051567
3642293
11264
5370198
2320698
2385431
2433455
9057341
4563273
1916570
438365
2889020
4700759
6902704
9196912
9416440
7363579
8334800
7366037
8967884
4782569
9152364
9364743
5341473
7253155
4331641
5947466
696845
4741234
7253629
7527438
8523848
1612663
985924
8917556
2748808
3601623
5499463
1783052
8560137
5815850
1420238
8455191
2013720
2379392
1962332
7567427
593500
7637244
886681
8235876
2259907
637900
3004908
2281417
6037914
8762919
291154
7347538
1593678
9042815
8650115
5106442
8029308
5829847
1944846
1694715
270698
7683608
96719
8491448
6095110
3926140
1577896
4230018
6206208
5723322
3261762
6915034
3674593
2416598
9167638
6568340
3899575
9972043
755250
776078
9511531
5405489
2281599
8615224
9547138
9858170
4958771
8276341
2898435
5981214
6983101
3679925
2761801
6328794
1901268
3614755
8529250
811290
5902602
4886011
4056125
1752416
4732041
987757
1103579
7120912
5757455
1627771
7495560
9517933
7436603
3366335
1233021
1243103
9310437
3303105
1130065
4207365
9343780
8725
7085310
3153489
3720540
1252386
2303564
1288949
8240605
490586
497570
9416284
8784619
2448367
5605333
9746725
9347187
5905207
8478527
5277715
2414868
2877025
8024709
3591778
1994097
3706573
1604407
4044849
7690310
3639089
3749221
4822213
8301285
2416420
2348998
4467605
3410667
7237879
2246556
7387189
468880
7148205
3418145
528887
4295946
8157412
6845036
4215972
5455950
1761329
5410635
3175459
7451196
9735660
4805113
5983092
9841694
5202805
9929651
2430337
5130017
3093435
4389595
806779
6296887
148150
6657337
7698957
8673784
8491630
8179322
8252973
4588526
6989577
9383451
650104
5391932
4476167
9263728
7213172
6391690
1158489
4104240
5563459
2096760
1453741
8197750
5165850
8335689
2127828
6044101
8505385
5582605
765888
8655485
3527532
2977171
8219718
982928
7509355
8160600
4591344
51420
7403872
2268082
5865979
1027218
8869536
5485122
3132655
4245166
7674490
9209925
638632
3287173
4892172
4136452
7590800
7834702
6778936
6872482
6824844
4823874
3563485
8167897
964344
3885610
8328562
9871796
8472400
937890
3415474
8744328
8426331
1841175
3112215
8589113
3699167
296610
2353973
1915064
2465374
6413984
9580959
195028
6725893
4723778
3708424
7562217
8894550
4473469
6360505
6842275
3224854
6863867
6989174
5903099
6734770
3094878
9184812
9374025
4980373
9058331
4136733
1081036
6188742
379910
6688392
4424264
8149401
8592680
5680634
9030569
2871097
9054876
9632038
9740618
8180224
260372
3033094
2267300
2149307
1793408
4323750
9094382
4184649
9675854
5001160
6170963
6405999
1484665
4074941
3834114
9711733
9727843
8218932
6054920
1500299
9009664
8648283
9685349
7558466
5391401
845335
5868463
6893526
9014989
4429893
3580953
8180136
4842433
1269299
9666477
8484775
1877625
9766330
4494709
1298030
2106731
1509210
3041517
2373684
2724443
7798556
3602937
2698044
9999578
5436778
8730352
8968725
6790793
674826
5534114
2972437
5527121
8332489
2088388
7158306
151890
8293794
8228679
2460111
7636840
6856731
8656744
8585933
4836924
2118769
214804
4797036
8594324
9258900
8260729
2655092
3169087
6323812
5079888
5406237
1396662
879287
3423960
7461867
963064
9828072
7140950
5768759
7815592
7077359
7585706
6174382
7358756
8587690
5630450
2114857
3020034
6893428
4835934
7791000
8684115
3848832
8635302
3254676
7215555
4001874
2924998
1811265
7172241
225297
3920719
6988690
4389060
3966257
6716278
7196858
4802348
9900082
3995385
1778007
7117879
8147072
3562513
4392871
3806718
2723933
382855
2976969
7854990
4389148
8520339
63829
227838
801078
3537916
5794727
4812713
8934926
5375940
6434332
2728185
9793723
9637094
4451825
2119923
9975953
7674169
1733900
5695660
8940646
1244787
1457011
444915
827255
145185
3666930
9408371
6036582
560029
5025137
6250212
6889344
5370978
3141349
3407951
1778561
6174604
296501
3546149
2887202
8089640
349898
1499142
912371
5033858
3904324
774279
4241613
4311848
1256768
2792286
1532697
1342554
3453894
1188421
1207088
2919496
7851352
3200232
6061431
7973819
6588527
7648776
5487019
7171326
9425563
1483880
6025074
5842751
7201211
1231074
4676086
8210749
3969352
5549407
8397074
8686378
6587718
5711392
7059459
1437747
5660626
8032116
4698648
9238913
1846556
2190614
4533145
1916494
7536208
4648735
5342250
2594642
5900101
5296458
7545412
4543467
2113732
9326165
7606528
7937966
2587692
7370722
2899906
1256335
806578
7178414
3422112
82860
2902547
2122503
9524298
1448886
7617443
4319084
4529534
8010998
2807685
1295638
4413086
4828399
302656
5275578
9742600
6955816
9724544
4335951
1808891
8096978
9965948
9359777
2586054
5563786
5538876
445168
6828006
2504006
449207
5221640
3791413
4579830
3933335
310234
7205788
8450980
4031858
1500181
5916717
5262468
4708332
3143480
4410735
563538
6645362
1449471
3628570
6297295
9882258
7683340
3133842
8016549
4934692
7963491
9983128
7663849
5978945
8926113
4973231
9418346
1791445
5297154
3176297
7102922
2659472
8451412
9625772
2933887
7457068
7134139
632421
2884557
9491558
5774256
6923580
3322033
9731459
8877159
8281393
8637274
5629360
1067516
660670
2429751
6422840
6876403
6943500
4316334
85576
7186567
4520515
2733566
2884217
3769802
4217366
7528052
2100431
6264088
5529189
2335377
7687294
1671079
6697724
9452744
6121008
2106943
1933037
5185495
3187174
1078074
9273527
3393277
5199776
2210644
7645224
4365781
6300049
5164107
8036485
6103614
3527157
4124694
1923714
165994
700848
2804944
1842025
8472090
8551544
2948153
9560357
9995307
1641239
539113
5305651
8990783
9182904
4622105
925030
5291321
3332182
977647
6317641
4590300
9849452
7433286
9457435
8768684
8256866
2165657
4250626
5551208
3082944
1215541
4982676
6987980
7207280
2123928
8017175
2360516
1451399
4517067
6209777
9678639
9886816
3983649
7132071
3842934
4430266
2039297
1489856
1045842
2119169
7750951
1337476
7115169
5295296
1878717
5468635
3097502
5201261
8407428
1101995
7573688
397623
8562253
2212402
4698688
5221102
2770665
6829989
2355807
7489365
2744334
8049678
9518240
7105913
8651565
4392360
6455278
8709407
6774227
1062607
9670784
6209704
3276207
1651828
2324103
2727729
9378027
9856169
7969979
1839832
7344857
2965889
7282510
5792359
3089404
1541826
4725495
8940713
7198022
5471005
6853234
5011578
597944
3714723
6907648
5160846
2107710
5293154
8537773
7208954
2526448
3765508
507613
5329591
4197690
7638560
8451203
7712989
9964141
4712429
5499968
1189861
9906640
237891
9396645
7445333
7861716
5722801
3702042
584537
7174210
4854978
8143092
331229
4411517
2352412
1466596
8883880
7849686
8706540
5944613
6967698
6827
178632
3411875
9198472
753130
2864186
