236
354
74
321
586
793
561
275
975
356
696
378
982
520
429
535
152
615
377
255
973
418
722
6
158
739
885
33
334
510
28
207
367
935
802
394
623
300
588
833
370
770
352
692
233
18
888
86
976
693
433
502
712
686
337
671
60
437
499
378
835
182
550
177
632
603
960
942
145
261
846
710
85
887
596
315
151
193
513
924
530
938
287
87
812
371
174
614
883
408
820
691
135
484
858
836
687
178
966
86
409
962
668
787
834
549
693
450
827
734
205
686
576
188
590
378
741
695
398
795
290
46
846
606
963
649
478
229
603
79
474
858
565
1000
715
982
913
600
880
593
586
401
504
210
788
413
233
747
561
68
888
811
321
1
830
788
230
24
395
181
822
993
992
931
915
91
997
225
746
302
493
642
682
662
329
146
722
440
99
633
783
236
33
631
539
3
421
281
284
298
758
269
4
346
649
359
404
522
856
786
697
273
306
641
532
731
232
424
644
914
117
213
164
339
374
307
251
108
474
846
866
636
605
546
101
50
312
179
671
213
85
730
119
375
433
259
395
