1000
191590302913
727492465324
773198996612
591700283396
706055008002
393629112061
149812496982
88069328935
458361927007
818167251004
977459171198
179626277667
305340257577
870368473007
960368578417
230207331819
72505095180
797174485253
652484446125
3315961186
1942084484
807214681690
725214141716
675455232559
477453396169
618991928904
93918795177
279082112331
630333516249
120947675230
714390891402
797299208270
286084907021
431724755928
116765441303
25836423606
712550418038
544671563571
131102955192
925251275600
529988165863
114188518427
938468505913
707720538555
790179348474
659233872934
819398562962
978664751103
959976096382
146792339044
120998586318
640725452307
852741103456
283576639844
748767270445
139022264991
506655544611
165854424716
272811429437
747502836206
455170357404
130562417729
407211707718
151494262376
597642729142
419513693277
764980215615
617789359439
584478210448
367789795295
22994471762
760686182587
696422664514
836247226833
791405277250
623355053059
898673554310
864311668996
575281399739
787339176404
495794161945
593210331687
645230794555
906870739582
426668891861
934748294500
920446352029
425562017458
295363670040
759694555164
206453715047
329997530922
58219803408
301930401409
98179976776
101372811011
883596418198
836241439540
474092410276
928903893524
389276244294
916038497797
975381779058
807330375970
852897918032
82953754232
972576989003
681717099842
786287104906
353269689897
585968598822
253353043931
347309477483
563744773555
134358204141
197040272010
645987117898
407855145919
33291591361
353119058359
261385563040
957183190184
739927156888
29816029167
448370870918
656553789545
467745615237
463088236725
9502259640
670029997702
611731029342
832854904710
775251393790
964149567954
654897613072
18658957915
666594951959
889653585597
709548968634
88882836932
729754353295
363019620548
250821305530
794297418502
277550876161
465011518864
523116427888
464919562617
306625915274
227812368355
482046628160
134822641323
487860515385
781426024875
325985119254
275613894266
636941746794
263676696649
721375947076
340937512771
675332118187
531744158208
869614826068
358014062213
324612868631
55280455909
114746605695
302256398166
583771890934
334077427691
249694258127
505804547991
588474182802
51699755501
994305928218
558375374665
120561701479
67995683298
586961694210
697129197476
186252362310
158640937119
107588574833
131036052327
59801985099
403638342561
976461469074
432063881142
188222291230
23621807210
810094951040
587681174871
757690991907
69794711401
207195753706
353757442274
377079801389
770145067312
29773860379
904391114331
162517293002
596559919479
306456263090
109217722336
500966418473
336058105969
215082991351
369066447262
128668756864
378007836277
271537165159
289600346758
725182658982
714609512317
494559953213
457074011558
68682366334
71557321385
981886259504
957360514690
448343310686
560942402753
75527556115
532342564017
744132724603
686831549191
655320509600
238855896360
591389601274
373496498828
900076057698
36426269845
580786507075
200705850817
905680999533
612445084210
786792213256
658808006975
704914842703
669383514459
176260239918
987880867714
180558178792
862595914684
40594669670
723464358412
905812924771
309962809029
163931138270
944730699599
752677943555
562863865691
814429010579
598291843863
965712020069
387055130394
860133792235
130517915926
175629696806
21945638094
37204667458
371713910452
219123790823
709848989439
173100540796
585587587204
361003546466
804526722709
140438964368
147081480716
84306675269
706120636000
56445502340
887467149413
333738018866
10879227262
156983435977
984701984
537370962483
491931168318
845665581924
3340690285
410700283490
971164027745
850049397718
128551942739
217965620283
487000605694
250872536215
331438381163
379650340313
33421312439
508689648702
104992080595
879975537762
78555917789
97025646162
726182887744
951654607526
698193490863
632558377171
794658428761
970694003448
375599124550
717850477106
212538801122
631603202283
396792295716
875085887784
678027549741
739776740226
700063932177
713843284352
575252367268
843176380979
778546674326
211954039224
638650952608
824716909811
100023546028
361526681750
896211418353
955307001626
789390443491
686347308243
529208249476
753621814992
735882359578
671267888335
894577724516
160592710508
259680161989
21774335098
698347695816
159252337393
592098532115
889181052097
169094232415
121077333784
464397559538
958924855002
462754726422
439031043090
745974199246
995340083872
651860288690
37899031393
412196636889
981175570363
316755099926
13972158325
441015359573
758531192518
299515080493
231749240309
722770022171
814128515902
391456314470
403708378307
175491858417
131073766447
674773879285
939223713151
940583093988
688867589232
914332510528
593269246734
409141017579
484311203557
274025902805
303858398337
421143756203
60834983801
357243909498
952789541149
774067741169
335820410506
90139273838
712963320756
295004118378
421730722736
237423512231
300871433605
206278774682
290376992748
157439612957
204312845348
98147801738
50079107822
571877243908
749001209140
754891484617
119456426088
17238857665
749389786118
808031674366
521292914474
162114498940
876996998948
529989320227
601753972190
133515877270
454225424538
715187211565
347965730685
59587665108
700948208608
936516108866
545776724549
824823611526
384575391928
630913847560
694154431596
239594358841
114488900810
581208474618
483218986554
75830375562
287551311888
706586111140
837756012866
712111481861
327038804004
360503901447
780399414633
265663647203
24202613932
491648215583
94033875099
480654797477
439477087030
47379963144
735854729901
458642121899
70899551014
290932541405
497045424666
791206145603
332911972043
570586171973
666899863754
598645105089
281008624497
678461614958
988302717814
564637714149
351029401719
236106949562
651094507317
336856457098
366951504140
84155572918
410556823504
465710920372
562601747018
340359797982
159525634278
227396217950
860243447025
70054573419
566883187667
758826897312
691581452010
580996224903
269620729722
804282034369
891331783250
384821166025
306219448957
392665892999
271506289910
263659159418
147370776628
831112252877
801471913945
277047583177
850414189885
832085318196
309469667218
492556340645
749315233535
306585630628
192883495491
660540867791
697658956362
193983530345
96636837716
747314411023
160258798507
445870195181
479657118095
955737352866
276168359595
408425273377
853003743162
4846159716
840624624589
895355122866
642733974543
677443424243
28438645176
86516292297
362082035178
726029821680
684946170314
404468787605
813725173733
653019019921
26675492317
349713263059
353001877524
953942736466
304786146432
30929177281
97165467103
892989631049
469424315795
715582802447
900217898319
294168592596
258335916939
65976591222
400145824195
370523089575
433196284997
385227846187
459956783333
775278379712
213175942688
604630960986
581877650239
707882898477
515788457562
392783731167
314985902420
190770353443
439215919281
454588897392
963667453401
116648354641
513935235131
444005943351
497780917313
803290966083
380381520333
144299958976
793890102646
240712254932
353775330786
425108992580
5116362760
339033102361
506720954078
38633389330
884113562951
782831211323
589868190422
640933370956
267661725652
568698706512
688211859407
550902973799
346877734599
853096163631
739648113005
824776018898
360824370217
774763580883
960951393795
386561711324
28430811756
224648464058
966501034000
937047332177
26588319185
189780618275
550149120546
694996463880
908595382693
364621009939
4232225318
721394006279
613097605426
958691935172
538287528559
531227503012
461999918625
864020453989
228841686593
20162811498
356748221842
677667004906
205100688183
110695765127
498550224133
70735323945
472803579235
298806629658
216532613258
678438986727
650208268387
179749267019
887711383077
755702890608
312823725478
64588819877
473542665946
74847692991
696362667356
953662720088
977085520083
28404087559
635182768110
192370981932
465818734676
389478476973
752488902144
555468733631
225631826050
737414222321
908022915497
227304448743
879449770237
670378560050
23970046390
462627689722
584714685405
819923516756
806379311494
360441206034
80933702421
683250354254
273874876069
930988113911
421917756623
743472104714
255384078914
334533682243
694788776223
492760417204
998917861990
945534696573
96590920145
762219330824
714493310067
112038586675
347341348067
791789383036
215893314785
338155513090
760049889024
466248547101
921370778331
937005524266
277474869179
640217387058
406727948999
810027185873
286821272751
665837122078
366483748930
35706885542
927340838057
184986801360
457355709502
850057566040
666827908362
122982553072
305424692820
741368243548
610139138169
30802304090
961312032727
611611450722
645009155170
325714635838
141112053687
642996184298
142978983959
7913302931
348114658648
767728040894
150700590700
994774479899
78015545822
465763593350
18429978997
976117388938
504645926368
650445881838
212304355089
414991171965
416023704499
428124368468
74343276534
362725164612
166882421020
536421515780
459269390806
742487692474
464913954232
96413487177
441583077423
481460846149
251114129611
597814632545
442852544519
909775960513
710401895653
109421527907
191339785600
184734478047
392284236710
913605917909
528763754624
807739679289
857349172262
562921621473
772182850466
159563223451
150316781585
898883530505
571469924493
731801403755
502035152771
933731243231
924555932900
562588134542
931968820869
840587191228
558319576067
901034757407
976041749606
953533779055
541361769510
32400304401
144884671207
768390082240
564682843549
787519339777
590587781149
368998337248
733890522272
359961413598
521484789006
264861029403
877809388853
362859481572
368200415098
2822549608
932824406450
585425701095
341321829380
175857511914
387640605353
269441195994
341045961486
398595347792
599246361147
952070168199
299376128895
149862945355
779771974515
962581671869
160855864667
869736170395
113070985775
64400808627
409353259621
675045335947
857716306689
710035280168
948293177209
832473429329
541608760168
650801244521
102372824811
329229362452
346988592033
732879662517
177419683241
739991932580
774666042751
465276393602
433251377364
269538163771
648281747380
119135161195
905659474487
815701782367
824106328989
38863786152
945928088953
436062740413
952574718904
852504622761
168086255129
318314667490
961366016493
84043622850
845398206289
386232940730
565026884791
415212916300
160226455137
459135504936
561733938963
4670687786
893717593710
418999795135
397313714876
124447378562
255756253760
788350774404
41748352060
730917401199
824414459244
915685584651
637861540970
320566368742
29301067674
186263473006
287363748166
839423115229
953254302533
207136043091
847294276105
234461696262
385180958405
640956451793
735915422817
229342263544
977547842360
931472724042
931111178663
349275400173
707424369970
103327084878
688471428651
860871930974
544478173086
972461649300
28429107284
709841988263
543876685041
171076600573
155241457635
728252394431
719866668081
329435608352
781358591007
276069150335
129552611157
263934211890
52527996011
846878452403
747401126611
152010406479
958320010106
570306671823
141077851390
157212003119
621204725887
14454231159
391449000771
724394586017
504686878500
145219865159
906782859880
694238505498
146691484343
474341847761
483713904799
826509330352
564071945224
220655372966
85314666007
753922904733
528873266941
117499085912
959857400595
788660391806
337069896873
928965715157
863628600820
790343565560
964194080955
468955990862
70241820295
717171398667
872417280279
158182856547
820621662643
360210645219
354505458210
250511749617
457073062728
200298403870
702682151828
581185897515
172710870010
96266136877
665076257557
47387027401
618679548915
103275142285
971305038782
825219977961
778246794666
869034812593
898152347448
160310008366
721240443932
713997472940
385999870978
328988393192
461659331394
979953121916
632524569770
489833814503
958391772196
909762122009
914277733020
302910096398
313566753994
551597886356
250935113988
86216997220
894772789741
83822725974
757568193905
124160569783
886798343743
239033150824
70360619250
517653457573
599141197574
760064479950
390582317025
620729955085
755889371487
425882216886
158395907948
225907993485
388275161562
84301049472
588505880442
77388033422
229577923302
486796838079
157398896781
113960404458
17267279212
389383497657
844669670540
108752408281
353815558781
983840054083
192477884317
694313767388
944025938874
797821740366
982237186835
534138184444
194871847820
410861503502
255313829761
476902358303
523335465358
247161308737
776010594862
91254795933
72983221126
700980781375
255929477821
627748113807
386583662846
887808595760
411972620065
223448471999
821949124163
977497389264
460595614813
259633037674
41663041573
436353807177
44852110896
730288424830
476513416677
600268188125
316379487211
74305625796
265892571622
56531039710
768122028640
660696564661
261230203862
330980845904
108736363971
794801591727
