789
1923225
9096658
6885640
9035531
9013251
1119875
5139916
8422183
8286652
4043145
6028696
4152754
9917560
5624317
2573278
3255289
504394
7386635
3457092
6667708
8582233
9979546
9004633
2164509
7550704
3343097
5984356
5690910
9747474
6589533
9844891
1055232
1286615
1565442
2446419
1191063
6545444
4247683
2079550
1707619
8884218
6511934
1895490
8520349
9570875
1346370
5569695
567370
8797647
7879838
1822643
3757957
5920085
3636402
6413670
4169357
4637887
7060408
4832024
6969610
7493802
1746458
8701505
1897927
1790287
6619370
1684424
4899065
7433432
4821348
1017064
5004698
4406978
6659103
1647961
2335286
1146413
4314489
6046840
6461642
418212
5475332
5346604
5809220
4680016
6333472
9341260
7999603
7997126
6541527
7787752
4550081
3462922
7075595
4712437
5028398
9411308
537243
6862935
1439735
4781330
9601273
847447
9758844
3832635
9440642
2128770
9541165
104974
8075419
9582905
5505000
8278177
4145343
6765108
3487503
1809043
596932
5486319
473750
815118
4612467
4352145
3003449
8949448
5113061
5024689
8088969
7945709
7178962
8155776
7134987
2376771
4676926
3587734
3710428
8432984
4228741
5251307
5604229
7485675
918131
6648475
8308826
5230837
7803783
8620916
9680058
918298
2831752
9412107
5821686
2881274
4437652
3606603
3278687
4005383
4222839
6111977
8120300
1600014
8175024
6364298
6950239
5279761
94297
4781801
5966155
3652650
7211221
530316
4632327
6208812
2514961
5627750
3320281
4999034
3091276
2683344
9912643
1843405
826695
5289295
2302355
9780674
5327804
1368379
5269068
1065775
9428293
2769480
9553390
8241551
6128274
2465985
5543561
2527464
4537476
3125617
9679106
839905
6548049
4125884
1974355
5617704
1156542
9152751
6598327
2700156
2838169
2108669
7864084
7492771
4973774
7695290
4060622
9951555
5749316
496724
1128656
8232023
7783439
1402661
4345328
4716328
1692953
233408
8401434
5586473
6801739
3667853
4896418
6606413
9540424
6135372
2263963
1617599
6688838
5977231
3195388
9300506
2758077
2219134
6944186
9956255
1079121
4233672
7485431
8567994
3591278
9103595
2707017
6052478
1059940
5387709
9797298
7494141
9350165
6569952
6207358
5032708
7238905
9115704
8648494
3677163
6540826
7718026
4758487
1212889
5022741
5886438
8684577
3561587
3605777
5936107
751101
7129783
7966524
4264647
5825074
1143227
8816561
239944
3938585
1724809
6506989
749036
245628
1349138
8284449
3239285
9537111
2836017
1387973
1183639
8886072
8807566
4634474
4719234
5290833
5218732
1691295
3983188
2440986
4876042
3379212
3111363
1321874
9084047
839262
9335926
7086683
8470645
7311911
2358375
731991
6307086
7271913
1746370
8763760
5703614
2679818
3659310
9946021
3609828
4034825
6083307
6992483
475003
2033457
446991
4364238
3164358
452724
1378170
1551394
8681078
1189885
8474735
5945010
2223696
9451276
2789919
5325411
6197932
2824662
736819
1941942
5426310
8720177
6378462
3918535
5056045
4054373
3683287
5656021
512018
8739322
4491932
1776153
6951081
5219379
8907807
2223860
4445042
7894375
2827419
3463537
333080
7534916
5420540
5705993
8460325
3563112
6488336
288967
1833615
1790274
7028206
7057740
3834888
5352546
8673435
1074174
8780199
7473421
5255557
2056659
4223540
7372199
4215116
8675778
3218869
5689310
2771270
4161721
7424237
298809
8185287
9205115
5567802
6977271
1172536
2439939
3371025
902457
2464816
6069969
9784698
8470982
6209534
8704107
7842242
5385428
7530110
7298287
186238
4548423
136860
2951871
3387982
3358191
1109112
2091649
6439439
9151386
7497782
5354684
2444413
8780180
628950
8443873
2478091
3232345
6078899
3185351
6803920
9796959
9343618
9128569
2510080
4445975
9168967
9959728
6807904
8154823
9083856
7652266
5897912
4856654
5106833
6135280
9251421
6509576
6107811
427833
9075870
954005
4512452
8431954
1758082
2775879
7749262
8000260
5470196
4700244
7158064
5361190
7772273
5575735
1193037
6462838
95359
8153796
706100
7405073
2085141
9964854
4304837
5702852
3159181
7669888
8827590
5338366
6842568
9051488
2197751
1122173
2194992
1599522
2591308
4153606
4202332
691610
7921288
8724564
7592911
125887
8975062
7171671
3560204
9745377
6016104
2481440
3849414
4590211
9166987
3291850
8310235
9913606
7935181
5859530
1749516
6543407
6022469
2942320
1948161
8036158
5200794
9534665
2734598
4219913
3276060
3656814
4650349
9248779
9443550
8434319
6811863
1839596
2604355
1938767
3931009
4974658
7289446
4894908
9623747
7526200
1973430
1036584
4235991
6074512
2412843
4775624
131131
7024269
7358692
7815110
6649020
9342826
3059879
5686086
8445499
4997407
1456363
6752594
2547089
7238293
8186378
7380458
2239548
3348584
297220
4084991
2559529
8689491
4715163
5410696
2698359
6594899
3912103
1124472
2783943
9599855
1619346
4844928
4691591
9610322
8806700
2772687
6899036
3852019
1158768
2368590
9618744
7153701
4412171
5927475
5476253
8433466
1158006
5008634
7551710
9302667
6258848
3980183
9809264
8853722
2059313
2204209
8289762
8945583
1339107
675857
2285865
2627697
6300048
5470763
2868148
8159906
8661106
1101768
9839579
8124541
7591973
3919144
6144061
2471256
4552772
9643171
362862
9131211
193167
6528999
3599075
1773951
5498037
575802
961968
9219796
3523334
525603
3728649
9572292
8094825
9032606
1855081
6334921
8432964
3241258
9047121
7830888
7709738
5778581
9167682
3940049
1264149
7698989
848687
3852146
9033704
428390
8641758
8476815
5316067
4889267
5977330
4329421
6262275
8022543
2893527
9737974
41518
5776873
9755243
6012163
1973641
7044157
5020472
2250700
2284394
2106117
8238598
609227
3251423
1468403
94298
8887460
6572714
3425524
5017850
7954360
1691668
4299047
8460641
6151002
5613853
5041049
1216025
9850930
9168657
4134432
6927141
9370778
6470444
9153591
8279683
8169754
1271566
648372
3734301
7227080
1118205
3307742
6682656
7090910
5328925
1652285
5438544
8171320
6794109
2833095
6668700
1652654
6907104
4900382
2557861
7850840
4328854
9524643
9785354
6968388
2358426
8323726
4030294
462682
6082290
443423
5622006
5492002
934294
6063960
1635382
3805323
1228648
7429013
1328822
8268103
626919
2525024
5040793
8802617
4531283
2010967
7316753
8625242
6473672
4702369
6957255
8246671
8115084
661617
7535870
6470005
1287530
1132332
4909366
3921092
3877231
9765235
2433081
7555411
9254394
8181145
8755820
1390573
6217622
3414577
8237117
1850787
433922
9096875
2087993
472688
1096590
9669831
3419707
573865
7257704
5745178
8606992
1428056
6116954
4040208
9452585
6534334
6192071
6441337
9288574
