472
3808070
5383391
6824319
3923914
875122
2334253
1244430
5412740
6350336
6172284
1782186
1906634
2707014
1543079
7601435
8132235
1481866
9581770
4894290
4396267
4117924
3046274
3268631
9212314
9342442
2108079
8793702
4973056
2376713
739821
3903860
1884000
720277
1124674
5109520
9049394
7411805
7467033
7779508
3640919
1031159
4502754
1940861
9288195
5644336
8185366
4897266
507428
6017000
7705031
932534
349420
5797524
9800557
9297270
6112061
6880451
5148218
2141932
4048101
4846439
7869519
5301869
941070
5101147
1431134
2275180
6122086
2490236
5412681
7441817
4010109
1598627
1892296
1340243
7670246
3383538
3469652
5278530
7634859
5995203
2442568
7472340
5134408
5689086
114268
7127932
5229707
9772628
7073168
8615468
4292089
319110
4478285
6263512
8017085
168638
6778929
8091183
9349307
5557578
4523640
1580469
2869834
2316374
3539544
8559029
5840089
5295701
5363343
3588065
7997647
2686137
6474780
8353663
3737637
4280716
6924511
817059
9557921
1775017
2838582
79522
9905685
2251759
2824137
599570
5328481
8515090
3104033
7311589
9558324
7774364
6414062
2740343
8369039
4511117
6990986
6645772
8863743
9384254
3825723
1561223
4807705
7653384
2041612
98536
1970962
5273310
7445072
1121216
6941654
4188024
7271040
233394
9770767
5660428
2821222
6293688
1936676
2026126
4552145
1306664
3500044
5181667
8503343
6259881
1938375
3288345
8845030
3364733
6510429
6006742
6716158
338111
7139860
5228056
7762532
5496224
3223199
9308289
1405104
9417088
4167215
2202444
907808
9214477
6860558
2640849
3672686
510901
4404094
9934831
3756604
9114926
4548762
4758699
3616695
2723245
5209567
6087282
3963256
5780811
7079737
4809682
4345848
9677928
9452171
2127364
3374998
2532659
2203210
4697966
5016830
3978137
9131653
2635091
8105674
6892483
8200581
9821431
5937745
69357
1778441
4916725
8453559
3366648
2126847
6909076
9221547
5010211
4598547
8986649
8777137
646150
3281630
9894039
1993225
4947694
6666163
6129440
1628569
7102301
1060398
2397944
5512518
2754451
1588522
4111174
7811170
7388970
8696762
4899808
7145250
4916405
9558229
1199557
4105732
5053159
2511779
98645
8634998
8841920
2164658
6147922
436964
9200002
3381402
8410001
4799554
9730301
3051405
6366004
4826710
6050462
6355900
5336165
4474916
3689995
9097431
6681601
9465652
1414278
1512190
6785908
9675573
2793835
954640
8778692
8555077
695147
4158954
1842711
2204921
9813199
4102677
3023917
4329083
3481379
1864414
1909456
4501176
2977485
108773
5631436
5539633
6790824
2707152
1982840
9512978
6336550
3510049
6444699
3148422
8014615
8809879
5145009
7359620
974039
8054374
7344382
4121177
9013849
3630969
3704220
4876846
5632560
454693
2806381
5931791
5058553
99733
6988364
575515
2075996
8178283
3249511
7180425
743512
2348393
321051
2241102
917683
9134730
6787639
4208847
7953949
8412809
1270417
4403997
4946176
3746374
5110083
925276
5721168
3970478
7059376
4310174
4058046
1606483
3326044
9011828
1088277
4094246
6844194
8378544
1968333
6572281
9005711
3322727
432632
4429449
9956640
3509775
5729158
6640332
1033404
3623694
6037101
3538949
5450754
2891661
5515132
7012389
5939105
997921
2428479
8277307
3604881
118024
5687075
9951635
7594518
4387240
4724370
463312
1475547
1961027
6889261
8415114
6873687
8955952
340183
8769588
1196053
8712930
6511591
30935
4556939
6915888
1182098
6372546
6781223
7323857
319847
9515094
3492
1297718
9715089
2487553
775439
3803888
9776031
1495779
1204591
5359055
977854
9340575
5669660
7562727
5720645
4446677
9942909
5821471
8487104
6746447
3651108
4162083
984661
5398201
6899941
7154285
909012
2993963
6580094
6006563
2725843
2276904
575505
550700
6916796
6238410
3067492
1316774
3815777
2001293
9762845
5070368
4667039
2983454
9326538
9505284
6598649
1829107
6732592
7226426
8143187
3246851
1239199
6260875
9710422
4320645
