247
477
835
231
854
225
470
872
417
227
442
55
120
228
866
484
685
951
25
389
944
785
600
667
15
723
199
626
645
902
138
387
887
733
280
482
638
777
729
839
758
730
66
746
355
923
820
708
346
524
794
161
881
862
115
884
929
975
702
298
109
584
767
703
38
486
471
14
435
669
929
26
271
615
511
506
988
531
383
383
41
300
810
343
126
453
355
363
661
366
675
906
806
430
512
92
777
839
949
436
499
798
954
955
877
953
945
723
244
219
623
686
815
546
919
504
906
763
416
319
841
788
612
738
907
91
17
48
857
899
987
307
621
92
930
290
988
596
915
749
718
640
153
302
830
470
476
20
475
794
491
403
778
10
57
942
287
122
535
236
522
112
192
996
117
641
991
872
479
219
361
631
151
782
363
699
145
230
51
884
39
794
669
30
595
213
881
429
535
461
970
472
149
250
175
270
140
914
393
50
290
789
172
153
621
124
516
154
633
278
966
995
738
457
662
144
996
103
997
917
513
942
724
932
874
379
815
506
859
705
549
267
757
207
72
498
867
464
13
991
65
151
168
737
760
140
834
78
