920
9209622
8879435
5297447
4786502
3066570
7938138
635069
626343
4338182
5731144
1618089
381842
3172408
7113857
4457006
4338299
6453622
7426263
7469781
9063837
872971
2972942
5872594
4193413
2806511
1480986
3109573
4305965
9612653
204896
156441
9933416
8472679
2059295
6870927
5863816
9087022
9819346
5120071
4267985
2710169
6740303
9058452
5225325
3438482
3260757
3566706
8046215
4845904
7858590
6222132
589936
3217364
822040
2567085
5798049
3900883
4564665
5526220
3113265
4854719
5403121
3579934
3038561
1887357
4846926
7290149
4696001
8750861
3440332
2978256
4333847
8443769
9512518
7651566
232499
3732044
5963753
840425
8330034
7624677
8524735
4707452
6257374
7118619
6743075
9125488
2884370
2766702
4177902
922354
1287966
9993107
8157905
5540304
1783003
6155858
94341
3541634
9058289
8013882
7085141
726275
2079612
4208698
9500263
7072996
4886018
3158318
4822046
2173082
6154906
5285899
6135159
3886690
1759110
8622420
6450301
3057560
1068689
2964132
2500202
4647964
6810019
825270
7559774
5018285
6927822
6797092
3117293
829224
8793618
5288657
6511925
9137368
4619444
3485789
831333
8213304
2938919
5836275
2959341
8523140
7706819
7667805
1545266
8880771
3318324
8903745
1939986
9770464
3034829
9357009
5627053
599481
9614353
8441938
3183807
499149
7518810
5069299
3498612
5517997
8058690
1534994
4702332
4903946
1780922
7463981
1245113
1774438
1172970
3867505
6564224
872490
4518090
6106627
7191547
6413842
5344165
31902
1384880
9243557
6468759
973086
8521141
8688829
3302990
6504260
8078963
7283700
2970082
7661298
80578
662820
1369217
3912654
7881273
7837951
2078423
2815658
1132154
5526943
1225894
8426177
5308751
5734540
9752614
6047390
5594388
259304
3038891
1957902
392554
1281876
6775768
6532358
2020985
6794688
5835448
4079323
4530645
8473647
5839126
4184041
5756755
1728620
9026193
6077149
4989531
6837925
3994759
5073027
4091998
287984
839539
2685823
1258063
5265043
9455963
3154010
5094859
9743559
6194167
3874318
6041204
7662584
7566799
2299087
2777170
7063360
4897527
8164750
8771206
1492093
1120550
2527284
1263322
5012005
9796743
9033840
6548092
6420862
8346049
8172793
709655
9631217
2684915
707345
1146818
126849
7406803
3483034
9889697
3985722
3691236
6127646
6630819
85014
6380827
1131523
5709394
7454616
7510697
6754167
2467742
5772087
2611504
5002392
8024346
1462476
1973377
5307494
8129722
1968399
1535507
3675439
3042289
294622
5928909
2105129
2841756
4541979
9782356
6300597
9001091
3192500
1551880
1194556
9483140
5942735
4752119
196899
1153820
8152503
1031423
5573195
8361641
6491909
4272017
4465898
4943290
4232899
837859
3681767
7607829
8068392
4285319
6274782
3456978
1640740
1653092
5558048
5590761
3740353
3881557
7834557
7122570
7931557
4990538
5686864
9019614
6165198
6624463
7283823
3549870
7364586
68335
5404808
5895915
9665434
6373060
3722823
1460215
7741271
6898380
4335718
3892519
9568481
8714805
6469227
4772763
3156298
8563502
9434164
4146927
1288637
487261
4803512
4903822
3422685
7295781
182516
9940460
1475085
2667692
177333
783969
7035266
1966848
1658827
7713526
7815649
1772348
5596483
3672741
6178508
8527580
4685755
5679227
5242401
7385944
4880672
7719834
5286999
1681953
8192637
4594121
373199
9519058
3246754
3320733
9987459
4683014
4414372
6178919
9604673
4137120
8774379
429370
2460607
9579269
5708318
2251386
3937934
6459212
7193990
8619786
9823897
4096680
9181676
8487234
7631582
9619805
3847497
539100
490129
8436525
3381763
2671801
9900462
4180583
872504
4223674
4454444
274445
9960823
772625
8489241
7205078
9874319
4771987
5971558
5277168
7031961
2222260
8784992
1189164
5429136
7148394
8014757
4698501
2822579
1416980
7268607
6239723
6548956
4886106
9417659
9905967
1035863
2975056
3083501
9436266
11724
2986553
4971949
5781156
8998680
2001437
1207464
7180063
4143635
6311108
1830975
3786399
2647160
701423
7722049
9489990
6613611
2294316
6862314
8162492
6663341
6916054
9414339
7193785
1593073
3035537
8118699
62478
8178366
7136939
3748486
7211907
9101929
7300335
1751791
1493676
875299
8596745
3124199
2932491
3924043
3093998
5061613
2258090
1811841
7792713
1413733
5640685
2357676
9179439
9064219
3324275
2706072
5468465
2441145
8802144
1637840
7808103
3986897
7112696
5909628
4130705
8042282
3448472
7373222
7806865
5238057
2852293
6080822
7651600
8664634
4228464
8106892
9344517
217145
3594964
3759570
7387978
2046470
8699314
1220819
2906335
8884460
6794199
7617155
3331763
3514018
9898921
2082820
2096276
1695177
279738
3193965
664494
2539104
4824806
241764
9166644
5079582
1710679
3794653
2985424
2207720
8467238
9885313
8828605
703247
8971182
7786362
2864857
1912092
4697423
7652460
3780573
5769973
3169194
8386246
2675009
8576607
2699202
7309316
8533364
4739853
1093990
6952855
1617403
2484901
7935368
8574121
105522
3488993
7760238
7741753
1659023
4827931
4289841
3618063
6272342
8566520
5398054
2411437
5447985
717373
346049
2766487
3593825
8299194
2014011
9745344
9614637
1919783
8584475
5764408
6871504
550403
885440
2452539
4591973
2535636
2793234
6374505
2248359
5360282
474356
512407
9224112
3175993
1511684
3555547
9592998
649384
4981894
8918543
102013
167901
1579310
1829800
2546503
4833355
5367509
1283611
4663310
3731236
6434769
1320226
1660511
5183593
4658574
3250765
4731607
9360031
2822730
6587209
2237521
6301611
4925117
2110979
5026011
9022079
438429
2911439
5440068
5797999
8773233
3929639
6945040
795250
8899306
4249232
1825774
1456034
8219291
6272195
3288692
8954466
6072318
5727520
9659102
2696666
5134295
2927498
7591801
273765
8784559
5196236
3407009
2283111
4371552
7473678
4660974
2155385
9602800
5766786
7188850
2633114
4626232
310136
9872886
7658394
7778446
6870626
1912258
4973366
5326428
436762
239878
2999892
3011751
6936380
3114828
2099641
2494846
5717985
39580
3084889
1798100
735057
7323404
6551356
1709663
7425573
4871024
3109376
1676572
450481
5023191
3701328
6336576
436733
9964086
4743075
9248903
6818632
7831662
2703410
3464498
4713719
7390065
6942620
9683398
449115
9749
2018969
3343619
8198705
3851046
1102782
3886557
970989
3788393
8718414
3541859
9738802
1479830
3539502
6322408
5476545
2844785
2868787
5092349
7604403
3966875
3535601
3604012
1649124
8449383
7333907
5684528
9033698
4419592
7280332
669550
3970268
54600
8751259
2496821
3903310
917559
4404380
2878678
9655549
7440952
9234798
866641
6614116
3421258
9458988
9273218
6662572
3366264
6852864
9122604
6976150
8989298
2636111
9214623
3973694
8445477
1744876
8307788
1240941
5424686
1055305
9922764
1768532
1065952
4007108
2428048
5549764
151332
3768719
3284581
3835809
6476099
2145093
4686137
1972421
2002423
8122503
8206667
4621229
1363565
1141847
6574991
6341353
1025664
8401007
915005
3912558
9647553
9477630
9266593
2171796
5002271
3444126
6113673
4289120
2447866
9012665
2387642
4048572
5585841
9462928
5614318
7420822
8129054
8531994
9044667
9517964
7453192
3975431
8728502
8494595
1378616
5652839
6714087
5966535
2413203
3912731
4279171
8673821
7683969
6303271
935269
1588626
5167633
3120473
9983090
4169601
5783409
2735445
5356177
9095821
6015185
278830
4707653
8020997
7865998
3956434
7488042
608594
7120112
39722
6800340
9270877
815843
4668266
5779033
5071637
3690108
3888159
5947864
8803297
8214333
6774867
628514
7842206
2220927
4628888
5741742
2946740
9424179
168335
331149
8417132
6460844
8929399
4910870
8487704
9371580
4530791
5630203
9829253
4618874
7830868
900348
