170
1416471
9280562
1615699
7877758
5334056
2178998
3537557
6556348
6765312
8105710
6695163
3033952
1681167
9750846
8147791
4759082
9326078
2951567
7678904
9711415
980056
91459
5516703
7737201
9942181
6452027
3560629
4761845
5877125
1976296
7497759
5098211
9720335
3333179
1954449
3917888
3121469
3427262
4319490
1574272
2409473
4350067
1923867
8495060
5329311
9874724
2525878
7762319
891371
3373510
2054124
7389164
8756082
9507334
5523156
3281303
6144955
4205331
3372814
5566099
2983179
7616641
2419085
5784909
3693131
6324373
8805192
2106043
3767975
3629065
6043434
3403306
9723714
133433
6993216
9507272
9835469
5771001
7816068
7221105
2332126
6566906
4633467
869480
1869302
851872
183542
2793928
5853971
9319375
2602502
2283518
6581339
6389303
9567523
1917033
2732832
6464276
8558588
6148704
4840092
3547647
5683713
2019070
7897187
6699521
6362219
513425
2923080
6254576
4389158
6228613
9445712
9693812
6870010
6394033
766835
4945266
2317340
6038071
4088881
4724674
7041703
9536812
7947753
1774755
7137100
6112239
1978686
5702892
2700769
4625219
4148701
2065374
6067340
411237
5182178
6178834
650154
7252490
6235694
6693465
3353390
8250713
8050810
5782790
9318330
4330958
3657651
4521532
7902054
8877697
1906929
2557127
1117760
4257817
5384667
4524006
7625569
4575663
3876518
4972525
5386991
1741053
7663368
9001176
9414135
9944577
4413711
9439961
