413
314
514
948
608
399
300
767
487
729
257
22
911
213
448
69
351
347
326
645
424
566
949
660
840
545
234
818
402
597
692
684
709
888
79
120
434
315
409
751
817
560
542
865
352
407
407
471
356
414
155
867
724
810
583
635
515
120
216
413
691
156
676
622
73
760
975
491
512
787
628
868
440
809
803
451
400
306
109
433
879
973
481
36
754
671
189
125
701
204
932
973
109
425
318
927
796
407
790
910
331
547
417
959
80
270
445
231
909
319
404
312
625
729
253
585
322
762
641
792
522
303
210
238
836
660
914
181
108
138
433
274
527
455
399
326
184
656
556
362
481
569
985
811
187
421
364
46
240
473
827
340
130
762
642
628
683
710
510
9
78
746
212
199
275
194
331
19
822
251
393
447
183
673
261
428
503
459
197
451
593
249
400
681
126
174
701
836
960
804
329
693
990
67
883
331
216
80
988
811
197
496
718
431
801
403
56
118
540
280
703
915
164
161
296
674
22
745
473
40
748
45
657
526
920
136
241
376
150
613
396
255
744
358
363
722
725
852
848
896
908
607
177
598
43
579
76
840
35
229
467
472
23
768
780
325
311
11
414
838
335
630
813
658
399
647
71
130
855
131
365
489
904
12
855
50
157
756
182
593
194
378
438
155
374
63
583
664
550
683
813
595
80
550
472
857
750
901
545
423
452
968
226
540
853
136
621
650
843
111
308
785
142
299
583
120
309
294
885
959
277
95
347
431
285
254
957
625
502
445
244
304
106
78
387
477
684
693
475
795
148
976
361
184
57
274
191
33
916
333
489
807
594
989
285
51
420
895
369
997
446
176
970
799
516
932
575
569
558
899
980
891
244
799
273
801
246
81
514
632
943
872
168
906
347
488
162
42
833
381
105
684
570
5
713
407
717
554
223
87
926
37
259
829
59
652
391
595
907
580
786
402
902
505
