751
525
104
301
574
397
635
745
410
819
284
193
237
521
4
862
478
279
595
497
23
218
22
721
135
528
854
845
91
198
451
139
511
96
517
559
745
39
69
150
338
403
648
711
711
735
567
189
860
929
149
654
278
954
319
647
548
451
145
611
531
703
404
315
455
85
760
548
878
5
14
407
797
807
933
380
871
117
240
979
710
446
934
122
683
889
289
806
304
992
181
59
315
564
496
695
836
631
62
899
949
753
691
975
571
197
913
398
759
427
852
851
749
889
824
299
302
801
878
300
846
131
350
465
302
690
830
256
706
773
448
814
29
727
322
603
316
346
970
390
507
805
830
665
322
467
875
681
403
24
831
315
548
684
569
822
922
376
723
822
706
784
705
334
226
661
656
702
392
514
816
419
565
834
267
553
483
959
825
282
715
753
265
840
273
124
170
543
441
253
339
403
695
849
414
195
681
877
25
421
644
613
888
50
848
563
430
391
658
428
508
807
23
284
128
43
787
616
840
330
16
556
30
635
201
357
948
584
962
85
572
886
3
271
81
642
211
865
513
985
325
617
530
779
425
115
562
516
991
834
108
678
348
409
522
690
596
877
582
321
538
779
688
210
396
31
104
303
208
761
316
143
587
448
755
307
252
204
304
262
216
116
250
996
170
686
827
738
806
56
484
856
545
527
396
593
629
403
43
82
532
160
807
124
517
804
620
998
910
632
298
521
450
83
243
523
151
199
379
338
42
102
794
350
47
777
764
24
972
611
762
890
979
444
890
80
70
76
195
931
82
672
368
573
685
388
876
886
814
84
690
655
751
475
202
472
889
868
763
446
518
579
177
85
291
178
909
401
762
160
115
164
548
26
422
383
2
516
957
10
217
233
686
251
660
695
203
673
585
90
67
486
237
563
419
86
881
482
323
985
204
742
494
982
581
142
968
349
29
254
312
308
28
93
55
982
876
422
638
914
325
66
474
56
120
935
306
734
59
287
993
533
577
222
454
696
838
938
265
43
970
315
882
847
967
583
839
132
750
44
721
234
432
98
547
506
567
975
18
247
995
869
858
451
355
304
135
212
563
157
185
591
171
877
470
201
31
732
594
365
718
872
479
810
309
621
410
623
446
418
747
239
358
759
17
900
259
41
720
134
996
930
145
995
491
316
356
808
937
343
510
580
565
224
614
86
927
517
56
816
963
613
762
942
300
957
275
988
286
56
77
751
917
700
766
173
311
508
12
766
120
421
29
889
155
27
258
921
632
711
906
289
18
827
225
120
581
470
108
795
285
555
218
447
827
313
412
259
165
777
893
493
668
413
779
962
1
160
33
927
186
442
928
411
180
520
128
55
297
564
354
997
227
797
50
674
722
739
701
778
155
924
35
206
496
911
35
256
373
521
176
320
751
632
537
304
528
482
59
38
39
947
189
915
598
124
196
264
234
248
218
431
779
356
953
158
130
892
522
425
821
708
19
622
983
709
880
993
655
288
197
682
371
631
594
23
673
703
226
968
669
518
708
141
650
473
888
688
44
56
605
210
293
96
145
782
798
51
170
664
282
837
945
731
724
331
167
942
112
930
349
214
10
579
17
454
698
665
655
204
744
567
823
822
644
930
708
984
462
475
535
977
868
442
403
970
68
855
320
744
282
469
310
196
719
903
739
486
902
563
194
801
748
157
541
134
505
10
232
70
764
445
663
35
211
817
604
627
897
490
317
426
