740
1399631
8357873
6297718
5913222
4896254
2468929
178273
282913
6370728
1639979
1605760
5073714
4275677
8969560
2417977
9400639
7909448
3505330
6445048
2813555
8174791
6459091
6437963
1609166
8215500
1764141
1617537
4866120
8391286
7072309
1302517
4151523
7710671
3842802
7488082
1974837
3685381
6465840
421176
481074
6460751
2013308
1170085
4420795
4861380
1365799
1717214
3588280
3920187
7640095
545690
2085839
4029782
5208210
6245877
3327799
1390199
7366766
8760904
9785208
3503185
3164596
4152000
9275867
322765
8642896
7695385
1170033
9652983
9902019
3343438
7534816
324666
1223541
9862762
566736
3425716
9146537
4189901
9888410
9910480
3711306
547698
3088314
2765278
1079516
8593287
5099712
3384583
9111895
8446776
5177098
6034788
3688611
3155811
2759084
4833138
414842
9441200
7284673
4151768
7369509
7009959
3377778
272241
6264045
8902790
225939
5040294
9137013
7052826
6135675
3959407
157712
2270375
725988
382986
9330009
9576715
5946641
105152
5957579
1687070
8240950
3749308
1203241
1950940
9718038
6110704
241006
4048761
9693160
1235032
3766453
8353097
1931058
2238429
8022716
7195710
5661823
9202767
667916
9520702
6022781
446591
3120577
8718155
7028035
122685
7527780
9049300
922417
6504033
5841433
3392019
3254812
8230723
1842366
6462022
4850404
5283996
2226270
4280144
1441515
3040752
9629295
1077265
2119398
2964663
8331392
4871712
7297087
561176
8692778
7896194
6604699
4413519
5365015
4172691
9125861
8028189
7285218
6670775
411855
5544941
9021099
5342839
526762
635429
1056660
7611511
2887682
2033532
979660
2004692
3976040
2416542
6061765
8722291
9348030
2271267
5099048
2300474
9760238
1816176
7646454
9776291
8954492
6242231
6634744
4996347
4050139
5783502
21621
5090150
5938992
1165628
7680010
5314174
773950
4237241
4414401
9195689
8691822
7652247
1786565
3862797
283180
9440293
8241674
3690266
4967214
8628956
238182
4238122
2699679
2383311
2057275
3443319
1147966
5038102
2108107
3867770
275785
3376534
5292504
1041407
1095509
8700158
7256801
7067487
5033758
3197078
7724219
8286057
1064437
1498998
3565337
3865710
9423565
2402236
8890178
3731434
7336942
1263288
3173738
84786
7946349
5286484
9422703
4532569
9061210
2423539
3837776
9386709
8336572
6736119
3924253
2696856
697732
5016037
7178483
2499594
5235178
4781058
9628658
1961312
8740022
9316580
7157117
1120367
8069190
1785690
1398316
6539990
6285555
3759218
9448258
9902873
937720
2191730
6117420
8486511
876920
5504991
3664901
8367225
1959260
2592174
1544096
2765338
5103474
2902148
5528761
4850829
590034
5358032
8369829
958483
9786548
7159435
3672229
6959618
2389681
6919622
5030884
520121
2276093
8344370
4513223
7428885
6086373
4022232
5024956
6058126
3944052
3675142
2082790
170051
7007581
9491687
4637
3270375
7963241
8765860
5069507
7023871
689291
9238797
8166801
8832773
8302839
4690071
3401551
178260
9461395
5533972
6677046
4898384
3744860
6442579
9114898
6941109
3056562
5379517
6284153
4333539
2879627
3622709
7246377
1881515
3252269
4781650
5467837
949631
4102095
2731690
8635954
1558614
6495197
1932071
4655932
5727494
9578264
7870795
8982845
8791839
2461757
7438191
4421072
5258965
289270
6553273
6341316
5981519
2304143
1489870
4658005
7288508
8309756
6179713
8512647
1678783
5608653
1364524
9644530
5519563
3884402
2321582
9646867
7268686
6650375
2198023
9702262
8785974
3107128
7446903
3015946
2690364
7989287
4250113
3620887
2161147
2729160
618030
3317531
3864746
9483916
7723035
941831
6610111
4900496
5965306
8519788
5591236
7462332
5956678
5406258
5183176
4712951
3176022
2831464
3422797
9472448
4145246
1212721
5471628
2284844
2897222
7061599
9112306
7186232
4265587
5812876
6293223
7993650
633799
350702
2044089
2167134
4056642
2068106
3257027
2812798
7617195
9656076
3762437
2532081
1961483
9555416
8802103
9035270
7943308
5806319
4123831
4936679
5657558
1674964
1660313
4920824
9386342
2654475
1332942
6224522
2022840
6663044
7553877
5591862
269994
2872459
1003101
6426902
2307476
3657254
4207347
6611020
580315
5830206
8186797
3529763
8024602
2051805
3263020
2243392
8027995
1426899
2856558
8272643
8845504
8894430
5084104
9991558
3464524
416990
1747733
2967077
9011309
99056
8407126
2988439
1674041
7493052
1961445
8000093
1582315
1374849
3429340
538517
4017308
3635144
4329776
5985180
9053488
3456641
4396644
7097876
5192647
5816224
9832782
8949534
1356351
166319
5193725
8904997
684943
2559655
9997950
4862146
7734138
1383855
5343825
5328794
5163089
736971
7276346
6749196
97811
7058940
297956
3826043
4004314
284600
4369446
3485209
5572467
4799837
5742854
1273971
8176265
4123820
8284947
6397773
1963671
2100281
165086
4136561
8392524
1983135
5446889
9287238
9260961
5974557
1811813
6733423
3553930
5378107
1967356
8443021
5604445
4831302
502902
4041854
4028087
5308995
5445382
6698445
7455195
7104476
1481655
2346859
862282
1409872
965781
8495990
9429443
9957994
7472124
1121354
2136116
4236051
6294557
1869483
8372176
4331764
2191450
7531632
9478411
4038480
737725
7806892
8704821
1512854
3915180
3953084
6897321
7280940
2020806
3378329
3552554
2584087
5939946
8048780
1129022
531809
415934
4030262
2632447
4628099
7014766
3620215
8447729
572377
701938
2995365
2738619
3361319
4070788
4682254
8619689
6869513
1367288
6412759
4111651
3846890
2582235
2260847
7708718
8633257
7232249
2691604
4062212
8157407
7403073
1902446
6082186
9089354
9514145
5902426
7384543
986117
6711331
202803
6642691
8185786
6473762
4216352
8950547
8033272
2167630
4351595
1356397
9720591
1044198
1089313
9045093
1875770
1736541
4956834
5135831
8170297
8048233
4922802
5295249
5046551
248070
1065210
3092234
8676036
8806130
7885431
5720813
3096559
5866484
7846609
9909536
9933189
60990
544745
2567660
357017
6707730
7283259
5037197
8946492
199948
6998706
2509473
8698494
1372760
920952
7132410
1960930
7226692
4530288
8323927
5994939
8814876
8698252
3827154
1972638
4307007
8762402
514687
8858576
3410390
7319140
7343974
4762435
314865
5278443
