650
610
462
295
480
934
901
272
433
765
594
20
521
73
766
632
127
784
536
552
652
814
74
648
97
957
683
147
929
251
209
916
179
837
790
95
431
723
31
451
739
335
559
801
18
386
623
975
300
676
85
940
681
322
821
288
76
382
94
574
748
280
845
170
721
900
407
534
421
437
612
643
297
195
408
533
425
363
233
500
719
406
619
51
171
106
741
46
245
861
411
610
533
55
452
159
601
976
954
558
508
387
601
825
894
145
445
100
779
920
547
614
409
680
714
117
629
59
335
357
769
565
234
27
844
335
189
548
539
366
245
112
794
993
867
174
274
685
968
341
477
155
972
228
187
703
485
109
649
921
748
899
456
357
129
731
990
449
104
846
725
644
519
321
104
936
165
336
275
731
529
153
342
322
552
684
484
7
870
690
370
72
331
511
789
153
802
643
838
581
111
486
539
88
554
609
204
725
995
888
372
569
899
230
165
815
35
356
755
861
679
148
890
713
588
404
796
65
411
98
430
837
713
488
910
728
437
851
985
753
855
990
558
734
284
686
65
151
595
866
150
503
321
335
815
218
526
566
418
267
748
367
671
647
42
909
710
935
825
917
861
504
743
81
751
268
606
813
225
378
991
547
588
101
843
18
259
169
55
95
919
651
384
506
934
367
394
991
739
799
269
372
948
279
440
579
890
541
557
150
138
953
772
917
522
52
50
419
885
776
744
696
493
483
479
815
890
965
579
381
90
536
514
181
68
370
572
182
420
826
668
223
118
214
350
661
540
867
704
515
140
456
802
799
578
534
99
724
62
378
485
484
830
59
978
257
847
384
884
309
236
144
735
279
608
623
574
165
495
538
516
672
605
380
741
978
422
300
663
473
523
913
109
88
753
349
113
168
582
468
462
754
792
48
387
856
947
429
839
537
375
705
901
824
661
120
452
904
918
355
91
392
129
524
1000
650
229
240
599
795
47
97
148
491
258
447
902
511
650
676
816
866
532
127
942
741
280
803
168
356
975
447
93
963
467
933
889
798
236
33
715
879
384
524
132
49
185
617
133
497
100
147
741
416
908
688
507
363
725
155
975
796
172
718
290
164
823
228
599
679
155
95
86
551
286
339
173
403
192
56
327
628
896
445
28
644
182
996
964
512
941
216
751
767
118
254
242
382
21
787
240
881
425
534
101
819
798
171
225
498
234
166
780
523
28
999
892
750
334
636
374
185
461
247
960
277
153
596
112
102
260
602
783
216
382
209
252
910
720
908
255
741
492
935
138
971
988
416
954
853
793
660
902
427
419
579
893
670
270
58
373
802
225
573
861
544
758
41
593
163
467
456
8
355
430
640
595
371
823
774
266
651
152
788
615
892
747
800
926
733
426
814
91
151
403
350
950
343
167
206
283
760
82
539
354
791
251
704
143
835
2
754
842
691
228
866
365
508
779
259
124
248
904
140
166
207
410
95
408
679
471
312
866
808
295
578
826
925
684
671
84
