1000
774310001113
976688048947
616736259044
263600128983
822238887700
684091693290
566461684507
897823296892
201781139823
403802708848
950768577796
118846476265
769192280096
377659731048
180430943403
58664502435
676582840487
821871855946
22639610381
709021385714
265768651932
202709586718
541333101084
289864355146
618418982066
841048530376
960740857221
905812700121
451365036686
316429738504
634402577287
851191288219
427473951065
567217868260
331603302333
923066158698
411505595987
380771143228
274245233008
327764865622
953017726147
907195899693
812238918630
787475170451
152257271843
181306751458
808672630277
208473326893
302892042943
205831542274
134057479955
883045303987
357094681009
531842426063
781898475243
628204007344
298376406509
70203815887
315253889346
545003640146
820426517659
179400345521
469740310913
263367592279
187505656670
909699261567
969287453475
847442901647
817427193000
987727716274
381092708944
77243621096
462528198004
710009930629
137843587131
286723459873
658358372136
930217755822
918739117271
938153184329
158421984830
588707421760
940636100853
531241317662
219831048040
302594076854
502839125174
139621917257
275372395059
215077036407
101109651919
520764323985
473050556747
321691172639
302746272277
176203388819
988860188305
124519398844
981757585253
153216019011
402332035480
757037269907
503461108432
248037583175
691578738009
261691177261
74701683613
514750701379
98307109522
47718826515
550267647956
673695389747
47798430553
149966333500
317546596131
761710834790
235460194196
662071594544
11951815279
784073304313
183075890688
263915195688
711953826284
980232204568
445358234855
38359558967
469186334433
598161196010
706533617320
148066086034
786820523747
258696451986
808384163209
16980177742
267808023010
670284571828
850385089445
310648262181
617793534612
778335907632
665750799831
235101943461
894410546774
275501498740
101405519015
142813517239
161407973438
61706214351
467271375570
372502729970
170686732607
21980470193
301867404739
994129498053
605224245781
923869889612
144521117147
747337458724
813178528331
575845557217
384330834149
268231877642
696998577665
223919261619
100197027338
496850533407
733002837087
309102265457
792083738239
250283979118
751142266680
105760052948
982085318139
122641686061
393675760836
304184408787
986549793976
824802536167
461422997942
842215411598
286768548897
914652532409
860273469569
828971739517
433645621347
573858934852
848135143997
117511794433
977218490535
456256691740
278937293693
86512949933
716237709730
431275361715
377800510725
717411044798
116450531332
248746884159
581528579557
296457795688
336437876647
140187399086
406757307894
361304049533
814565574991
268665987663
431679874738
887319333106
787215979663
430573779630
80365593378
865986138208
459252166546
685435145382
822401757641
65107327323
7687370814
714213312142
185898846541
523635257423
969696890201
572769679399
137265190719
620509071889
619514397906
52575977658
712672428042
342347798207
353463354379
421018934900
972173090755
730226761166
445699931152
855891561583
903872020425
927981670907
940812527239
803777216814
66234987074
514345069463
667790985597
113596679971
969730125007
969094681414
691329685513
158097392033
976787827114
256270534683
335973930827
604534231666
245330988691
199745189184
843425931267
17606092198
746156896576
191673624048
328611792998
853510074319
428805728487
965114900007
751886427121
779535396069
898689454815
688536008979
899833710332
195017966692
964730490749
412527512871
51095958656
50524135933
442185121823
429426060910
843641992033
963444130584
794102231502
170733336763
672770488493
885564921305
276935500507
325871285170
935142076926
817808769615
21492153253
420998748580
797046798154
688986187117
757195326691
209328611856
776966199793
793731859088
683276544081
18938721481
426985707424
389648952396
861965952562
654155778537
139095792181
781424465808
616271182121
154635643563
951706528831
635343977846
821846367516
952902594190
579630682228
279092040111
832862732842
34066696857
63245000974
14400481890
250102025684
432897295853
419772320828
15341733628
747969652888
743595708845
359459075843
957862128232
932472902514
28432491830
755575268787
174304375814
550342063057
261955020989
64244829921
547744818052
143404606606
774620895514
385171722979
542150376389
788740150323
346974357602
72079065577
70720176918
975567014679
561132584982
428383058632
379229335423
344485295100
137486307354
525026841347
46659325669
568419598817
220491923664
123535178022
444988824101
703403211212
288942908026
768146874587
300637746511
282620275639
640367181508
945555570185
878467833171
670107416801
43614972370
180365974812
229537164669
155404349490
853662001155
276841797759
490502191079
582192924996
478911521367
570266810982
984771722451
858210243999
89909409136
110405282522
436008543115
959306840762
50162472567
135398826533
264139742489
881050559043
131453673883
746865360057
636087192329
946534919899
423421804053
196259861770
248527659450
552094115782
848786858486
605630522272
640379561568
401977839514
8795988155
4533791570
693784843948
428251211283
470431143338
617354268764
199454962042
537152276378
161954570472
295378790377
429437595864
499753779240
419052243705
343023521864
879691934500
135563270059
702525950001
950175427266
409209307090
67318118146
31579814669
477180071961
582219027974
370955591549
85274769621
465930453510
30063705333
517755035055
565272525895
906841129377
664448620633
191120967471
101633685348
244209932962
448070439637
666582201691
479440944557
179554915789
907494095593
709302698718
486780952740
497403346041
151565411448
383425006721
614079664550
431549978257
243793553399
567471017554
370053224803
60485467918
131466560907
892419986669
361873980475
582876526189
80837231613
634637965475
73551529295
99887065585
444597138361
214096651539
820652669583
201386136907
471911108925
135207770877
666794140471
539895175603
655162132636
589441500336
604421237390
285610887802
476827507114
204395206329
890837865462
572707602693
72147616915
969317057979
554419629686
644076473624
717808612893
514157275492
251631951987
35876745647
38036449399
689348216321
929600337447
870498900854
271516825899
781935793731
660503634928
219165724467
961758239304
182984494619
813297586004
132833937365
946852475169
944150420458
958817598369
698977691676
906661388099
907336118945
23034538589
730217194136
303761686730
111710921734
222705069934
337694970301
718707312596
868375261479
767971615590
652246526030
684601994216
218610518341
55662894129
806184529545
45460806837
635056127264
830213467462
185671465946
158693546163
263625931278
830940265354
172223951178
340902754348
240983150866
105082980041
727162670979
976732922465
421367938852
939607061261
637572250218
914143013660
19532755917
305785151038
878903875840
404737209064
981088806105
770377521090
69190066184
208390126759
161232472635
38149406272
326501012236
134207866274
803990129095
179619630762
95837135968
245566031959
664981752975
837249233450
357445622533
959853041787
549483423343
387968003756
640199155294
107271956028
325972938920
705136186904
317372958318
626994001162
909126831120
279265063510
289706864437
161006224023
528091646
38039581088
541588602219
215478351300
210606638565
329828533639
678469639793
651164139436
699989879734
503851666406
520383209499
711294919905
529599266339
689317866358
809235477916
496151292807
476066073074
264116659036
278558350502
310489764407
527074422735
963419901964
424760825609
148133009819
85984419215
386170247845
460089425269
433361455340
790448490917
797197900088
64497193759
77763010325
108776218688
890530626362
613633118841
674694819228
789792848961
799556257013
145907872197
507777505349
20996301278
976508345765
496183121596
636664772550
361293312692
108797402119
357418759285
356093101526
419608762807
518057604967
370625327086
152847457349
711035999199
792172872653
717718552143
501952248463
623564465350
552943153521
452432737282
385731332524
755149014064
442904570199
729334559515
537394203879
307695116706
539400704184
822240440450
51601055871
413329930206
285052902949
478578221238
952221297166
178356256402
642819220719
124824752857
605174738296
470829618204
206407751534
486700820177
467085869792
247450367289
168764410410
523570159089
379432012399
993020389218
655619176993
437976447594
299004376631
834295176078
248585596064
940676369260
229786688927
319481523833
784857294841
419072514644
136953613891
647841710732
658436130088
707426748488
540358936425
321246623764
914161995049
461120950339
927628394372
972156461707
121280284091
593284769260
934951725318
897335606564
1224759704
545805522398
72377717311
9456975935
666156284511
953976467979
253825210950
385558430010
540404597879
985623758431
890529272092
418303775175
626706627172
771669855089
404558963144
355391416883
600014160925
244153887047
74617891326
799486663695
690998192245
771794626988
987296802380
399009074667
400986016183
885698681454
492958774104
24059345568
838996094958
631586447138
561961579144
824018781163
755411114741
489831191250
969540315518
388677788195
564559992324
539687277154
420387824336
445833051962
783779151636
798479595689
666423146023
302852665926
376272893098
210908042235
559712295814
156330098407
222317485052
692483883441
818281125381
783082665036
144880385925
978754987220
282886950346
74827805299
29457413782
355028145663
596089234844
305161642428
499425437019
907829634708
798749257815
465044826617
912466255111
769445320985
883259338749
450575898712
519211072893
885157435511
276730826472
217324020964
603548097241
93237625466
522291134674
313028459344
872433602074
679440980548
282610411637
968709042858
748955094721
434894484187
969043615688
371520914715
788553390372
197194130095
148924434970
179125861960
559985000217
363414495823
450217757858
744365595916
775022015256
713978423488
456891602797
469871790082
607986398213
53261568228
588517621835
12072167445
663644676756
778029709315
844610024772
167530490566
798206932393
480383212290
446321289562
390953484083
559828296766
903133914966
464102114457
759787980459
582628516086
927981742819
402315890214
12660982011
410751177736
296443790396
107199676426
810649744433
706593894430
155711853057
154896305811
210453597638
42666875460
347815541039
489604672557
534939122160
32810320346
293898273383
351328426777
192243479610
249512464599
112840918215
960085825058
377414577150
819165597186
530993988546
423565454936
551736908660
818335787510
639716806252
796071702387
2227787344
348522351863
9238101261
776456877401
573436144178
967534854727
52179288698
387280001021
217761479648
239929376304
337717855289
773351017383
751897215286
445426867340
339515987573
660813816942
360984891529
472812047402
541927877658
5054364266
678058524280
705761563179
347125232838
993554668096
929316089776
88189857952
203789041510
846364411424
371840063222
35213120582
192406083121
477732336834
972346254915
204697931051
22472206238
870797012398
158036414057
738556105784
526131205173
979899636497
376193212428
539331122469
487708484340
396226329956
183904046036
984050085207
836966118859
199247556899
958184924034
414995436921
27899532289
346188348672
49163291985
830422663891
735842538076
337256355781
105047850156
161637017492
845952441209
278562377004
232629351876
955659713775
910675972847
729841179438
266822125446
9299945472
879748063699
575151283803
129360078472
533725671597
292831914507
8951120499
111149966606
631306177422
70025083015
818906077440
429513715380
328849068679
620466377118
166612321249
236271763155
813487314555
522972952259
761824936017
745583333957
472757341928
128783214865
933198604137
301107395016
88357708898
669599247991
75813048992
957868263655
778338857300
950313150436
939576073248
165644094195
830842693700
12415874998
597524366192
127189420313
384419847568
348679824134
101188537092
235459599215
900357798727
651137479364
480450725026
87672664462
61547858219
187615920848
161809237973
178974564243
903305632372
690917235135
969922204143
344937693469
980365773140
483184801247
568014738294
459901945439
306119344494
233447455793
212909290647
207637611182
583959397962
949871915035
322155806623
755831208636
337394712777
228566608334
833369536654
540851562832
267077202344
155653779012
983908515810
623493246406
755142536286
102436202767
883665249241
946364333726
532336453713
542683625855
760805340714
374386526058
424822269878
286905573044
738957172785
860154635013
612109921281
658693079560
293999683865
931633245840
918969162183
108951096764
346866526001
776743935142
927103613617
252162290925
119620601621
72710231096
304824288756
209626040697
841166837387
287710490354
851814710007
920593327078
9154810252
261314454953
530569143855
795572759967
313584977675
732913317134
235211649266
982938611674
519270980468
185359356971
197107445383
86051859162
119604838732
487059855949
962713790540
566221479990
611869130830
990141869972
923121798494
526690256233
123279069417
678697204398
395736853401
126362806683
983718863263
933516343723
638311197134
671145141925
780534487343
558762079350
153097429421
