219
4669741
7735768
8106213
7005758
7629772
4833099
6265638
5415556
8271894
6072514
1721471
1435667
7715929
699262
573585
607454
8527255
4804066
9355101
3295749
2993885
3706635
9311351
5987399
5911916
1137278
1111557
331170
7004817
5895522
6554928
2375904
299294
1482545
4890386
3129292
8090332
6443670
2091024
9295897
6081337
2030366
799972
1800891
5988372
1312017
7595462
4242332
4968391
7490106
6035043
5531781
4551852
6375504
6086455
5733363
1549078
5824966
1038691
3167610
6103912
70907
3320951
6397639
3394160
6954964
5396261
5808326
5581895
5652092
8430801
9926480
9434510
3171298
4647816
5857978
8671115
2396620
4544244
7111108
5518625
2691804
988473
4144123
8055476
6921988
377126
9655969
8050299
2755817
709115
5184569
15609
5745323
1498971
9580396
4926425
4985931
3953238
2292568
9762997
3889298
9102612
4472205
8956693
888323
3477433
7553308
9528908
6642209
5958742
6683430
7983223
222826
49419
5759638
6409585
9715115
9027749
2598904
936752
9954132
1453355
5062664
4816031
265873
7255121
1293258
3635250
2484904
8889655
7097225
9167418
5761521
624421
3886359
4161266
4558094
3461478
240654
2660181
4086901
6448043
9059352
1737953
652641
7716237
5784502
7634444
1801924
5013958
6413498
7821155
2665773
5969994
3286272
7063155
9388524
2526997
2360759
8549213
5079216
9088829
3559541
5840498
9318341
4606334
2751314
373566
7152371
9708439
1021296
548110
97015
2264072
1782857
9825909
9505203
3172022
1486086
3364389
5606280
4228355
9539905
9344461
7185464
2433732
2987131
9040472
9931142
1628420
4001115
9899687
5331604
1740677
3153796
9056992
9628258
9018486
5518338
9136305
7023547
6870611
618020
5682316
4156177
2418220
7404063
8915113
7808379
855549
2660819
8947077
8666125
5054291
4691745
5148474
7746882
8858544
