1000
401770003297
523685526772
855691560297
735221598685
934699954404
982721200662
180374017975
99610483619
485561085440
173067831936
938389857251
859550966065
323731532404
420995548515
250689241365
358121657199
961000961015
753812915613
842365931972
547813027308
240808578377
21159952315
581714617344
722952684391
411171882923
521079749532
38948674420
870942393981
45830057573
26375338119
26237966035
994758236837
655454669932
166426331737
824283757504
939223274963
631247555549
508515149541
401434875479
175206762109
210593230195
767546168251
414305330512
352168960557
81528248253
815031986115
8237294831
383922412100
989302840625
84806421551
886594605097
348590129433
465018941065
609385803201
604438042912
781012142944
860354105367
916106468308
241771713038
652330598762
270331221974
792149780003
673438427533
749139302364
755834727333
415552937879
575089640897
609478110342
578330189027
325503816700
741230141825
924549659991
982368930923
872110749421
905340316988
81270988541
396252813824
741856152821
183401949553
789989140735
266682852407
394502545514
307494496688
466676271600
888652554194
443693436247
949305843561
270165277439
822147678017
239742426711
717732990951
221605676791
662271862526
851060545015
179483611279
350018776551
654197021166
392259167201
386656345483
540577139911
402420655883
464714229230
504283977140
854522592209
958319885091
667490836074
425035673284
826155814532
229239789583
9734680270
418297896987
877725910705
186883876135
475568056429
492791208595
746246763619
448063271137
468546934806
617291446230
526099655401
19516804594
154063809650
933560383687
92443514599
231053832533
155010062094
312986389788
397447527977
578282481253
807097959052
573001867041
820293378599
892039704397
758312297706
897376657260
604071496635
397370661750
893033316176
270580769055
757502954187
788819764588
393971480445
19481733512
785616840524
108889776709
719944866924
380719082646
970899138065
790515442842
78769151990
170445088407
366171381586
727571590317
428975367140
225478127544
358282801527
597780421111
473226003307
510122974854
674555474882
170078652885
558412705104
782859260454
24519942576
336497653766
63823970555
170450599266
143566024784
80670886608
728621251171
978063674795
275718416716
654590172574
923294162637
201307281564
709908269673
885376975108
610294129435
896415953785
496861862690
742826153246
354549975600
539017969665
508456665011
926681598378
539987908145
25589291122
28853068081
695709090952
515850528715
647289374576
698802550526
938535215727
462818803195
592647639181
777907719275
529644525891
313709713141
19626699796
152528178340
81732751250
627383143650
79263753345
393135821815
439414339893
258166350383
18098073942
727242366762
564208644041
303561571156
893423670890
793754337941
209171025518
585622632366
929154392515
689922051831
404507429268
421302798324
648847520520
710515219044
703392136402
528321746693
183183758897
681075695067
262253031369
347264679854
101180395709
769175094292
661051994929
785459889336
174174447607
690410572758
743605168246
185331207530
917473368853
81282548876
201068535372
955733983132
762180983956
30147960517
23173828538
779276048962
792464872529
998201623939
788579762186
49952759428
392896259743
896551537329
726161699836
49823190543
159091237348
406686716806
973354561914
594458678946
615080727673
778424725557
762890946397
194613540506
129101789888
505560925024
64350393131
779029328057
100525900745
650322503631
967084253870
113709110112
879351779898
117783580417
850398230714
928509938518
706548464454
109836638375
753720148235
398648756193
652961948573
830993314973
722970242144
759332983252
163585674411
224185022971
826267216216
252868647230
402429292018
356074404896
14787236820
966539795866
831687284923
375729315090
259108838257
799506319853
288691631701
271151220091
442538344547
215882399977
632593315974
979364224334
121599429494
849918809935
105241664013
176668731850
239375368977
835557861429
125985904974
442578406480
245505517393
491478665895
645777071179
740944815195
170610038022
409643871688
431569516459
702947221416
315665659050
765665599544
48597844150
417250251610
791191655808
979605935772
569412461242
491901944224
771708114942
106495340515
828540270902
485025000093
776623171215
719631007565
432122104008
507445291008
17434151350
917235988803
185229506723
726022673127
519258488712
447374916026
644051300874
409559771891
696278452629
805603891131
892092628108
128763283693
103796168773
415934386540
225035004946
35105286859
82051850624
135714916376
379720234758
868429943576
975495301945
574011361463
907160954272
634448051488
421511651979
988251166404
844515292829
557418643097
839265419465
838093412541
681465323381
341627457136
929042755775
319542318978
650640229833
745495113095
45581077167
577037425753
249516393435
368649020267
887209619892
798450993309
604556489243
245558167811
759838240143
917724671570
14654513548
866033133207
870557970953
225591059393
398358478562
521141266128
110643540977
498499554765
234084271288
277589870638
422729575538
52219363255
924541993410
305410827471
189249155750
662943699669
473258772638
447916022231
730799825508
876278086978
162556843798
36185373372
723076549466
692372491369
879178791433
344077294532
853381472443
695125034719
254724196477
857523094175
958405728158
938489347526
460985482929
662151358232
507647587888
429333282063
785808945614
946669387438
329308511050
656217142662
458853059844
974852843125
597308605139
631793214888
893422187272
219457090866
934688282917
843867529337
210916353221
665980558503
367187564620
392112478998
616667209439
534633071928
833821099941
939122765701
433571407019
145372219911
676046991267
956974254467
299039605432
758667176414
510247639882
663399394548
568129617814
557294729364
482206680596
992714427539
800591256654
306375462279
301386352362
612728604732
61360841780
837951389387
717733804074
180241743114
643130551095
644243676984
23584251115
555736342955
792752816587
636335915933
796943235698
184458718565
445231016185
672706572004
146676509482
231796399635
250341111762
585963435576
638187449837
940524967229
722429846688
868807613886
303437671065
679199259568
274559272289
144777806640
912076619268
768803743153
311063845523
967478200399
982622954273
857304423023
519916653675
611897130583
195684161053
630350196640
781217475184
920962096114
292489024042
574006241688
136024874579
606993818330
517604278531
89673354080
284992672237
603280434097
336310366451
636397735633
725326497288
318056618596
683768911866
205568358218
669204128774
850168310131
563361709800
415499730994
747243542977
257991314303
169592222940
954142879829
586977650149
620732500064
117146377096
578303384356
596597637016
199415270426
392910805333
270752108158
796825873097
818174530551
929002064841
362517306517
961795845982
571458850465
462877559754
802265208166
521266954238
880448401809
531035352193
652243114422
242303814146
821637511123
497811224396
938848197285
828124755538
736581046729
916309802857
421717170672
555242892476
186164072196
519485531976
454751092922
466543202292
39971465085
564730879252
765179843446
621791869179
584566673904
777778262459
254550955936
690347239071
427890041197
736626139619
903738273522
833225195209
336423727412
552641029707
661430837603
504732070065
176720833759
651142720591
948154305
598763430797
825663471489
100996986802
422479829459
445476397942
269796142529
473599477128
415557808011
355982539253
44393358865
701321559107
435161321870
911654321292
151768366109
877090341387
171520449032
52347208235
381791682509
768937418416
234400944672
288191904208
667185786913
314419292634
783972513116
849674430203
381904161387
906769722869
236603775988
785025191957
833676887072
10457953512
653267351016
242801383063
125694310258
172541645377
785681784906
772940132899
783116611
531228206294
56073826938
11604186475
905471764333
140079968090
901105517242
968192311583
812044063958
638990056909
25969441644
424419925374
855920974187
584263652519
943473757284
838322268245
821393931695
485378448466
414836365687
398436664230
863091113093
393488885428
986397046069
478715706135
700155057463
483798878746
383127834681
44280385246
402316723827
246310445807
61669168056
774209487226
995138336676
847015816984
605766953662
271354771554
711119879304
115889647308
475645500205
608031809085
259209580967
928530548699
882253313455
35792972921
404706251593
777782002529
639064871806
598730145890
853344884422
224775426660
681770952599
105869325304
758905084074
851267114093
904186667307
573286935177
505765548768
850535805661
765271188832
398731676689
228798941826
885134792597
392644568211
601978543793
255200565681
915662474091
75782899592
106824991781
901589111319
791400808635
922314005225
798408350548
145129392717
178421315981
499825472155
452772290844
332592293219
801059700794
747711231359
120027181561
474088395570
610511868427
755584360520
527438740881
516634111390
359733254615
361962168652
240834072330
106121771284
564583034969
498969966188
194189206250
629408743569
642029488850
867796446019
913082933262
373335875020
623477426915
249215307256
168935328776
885335701534
251923694357
498197351063
128351372477
310215203545
294245327008
274954056485
604486278863
189317379711
340629206566
166210420712
269271116279
229888208566
450411549392
91839849310
694687974830
531894357867
337430225627
419217920428
362720917224
304710363776
337239673754
284193964644
762373635262
398062576221
960303212400
410987528636
600899655228
543269424017
332440544796
339015938204
164702273031
819484141352
774249482150
650608508184
657679687534
663852861261
688015903128
674508217820
417753046554
61091957992
301909441178
649184297943
943776698360
405858517420
757467205825
638731562983
498181030090
397489727392
694533173949
256482720836
76222994291
918420347335
532653686604
655547436456
457021751988
965613718565
471873624856
858053760000
490898490189
742321592766
466759690867
163411049798
630936726681
105521478157
785312226824
573147675668
749606578255
182700068671
920413740327
901575148123
565523470813
586771422488
784299057789
719183435037
97217322022
195638474540
520149218707
902061812691
360435068226
683307739352
554064023253
838768554403
899779316149
272191887038
853524929610
39175858251
478754469247
436483737358
156348456368
703439387293
428733003750
616155839008
128873169891
109925060158
709599925154
494509381918
300091155930
655343491388
104477864623
903737169356
714042814872
313628027887
113592927113
716765857898
266507273703
120884588324
837138316566
937320374979
214722047195
847248313716
711859878687
93442661592
966511581175
606582915120
395221798032
777884666839
766301023609
557823216051
54363871203
884225804627
346926520593
919048064378
273081360381
995666307494
675308202906
857078476873
705321924129
45645606803
152103684653
123578283069
13652440690
617479652682
682008190593
389550209607
492128084166
621246000443
75861205819
204603058143
397046289830
450789334198
836082319649
379928368496
77945967403
816106763030
798945196178
92781674568
838180620129
714545514318
712205358587
21080998039
880377933456
123981192991
627789253892
566603658621
612048392746
886420823452
688855684172
229818125216
647949880543
149312935494
540266167855
666421492079
850561046241
89411022908
519751737885
298924051029
82914958518
934067604171
875380723066
846851230712
959018069659
133236672526
474723923059
637771943816
209830651168
723429796113
269831048948
513091140723
635061425680
312736017395
10177428666
128616329888
549452013183
113729876280
750863830977
38862474609
646663004162
70675911168
65495794271
974377579789
478796727377
366474914189
385403029201
51856941965
83220630800
661903926894
135234973901
781570188966
520669066007
304826751722
703575182714
331029218306
923764503369
577969677855
59620945343
155696117371
702976142251
407915493591
180482982741
778179779404
623948511600
630574768682
773986533366
206815670541
305597811644
896055720250
550652650507
342674910586
254941623229
394236627947
352853099723
526804871194
867338412927
347093070989
460782071067
748782852961
167532251987
724461971986
456958817264
140244058574
908963638282
575063391991
870771618339
713270339492
743508522589
44889837917
75291940190
479110252386
459472271964
286925339420
410921566238
664756493462
36951370817
359794537320
881732254080
633056519756
593010489767
192260587829
230695790119
562572449179
541682695579
992322053400
987016780543
244667981654
949906926545
328040367691
572238147801
6075465383
256236912309
843124165363
497221444233
396765777122
417066151099
954087459837
352702535459
259747031586
345159382935
349688179041
893283962734
41321495096
151954238494
301718721617
916719662282
868564388154
570961338398
593611078913
381905814053
670532942663
722360380191
760238413256
974586136230
562787820068
488841524771
391108872905
225652300282
652363579839
62959496749
251689018341
405947971013
353731822451
689650585157
938311431638
607970962302
290349476324
268903047374
319883046914
879928544112
959628064570
194864332947
566340996470
897826935554
569711561587
819129193380
708509215901
