1000
109822767452
876684197776
720211300830
439500653469
970690267765
143647780760
586492178124
94009586062
789607412208
21214279555
402215874048
986328041526
689441296556
490757560632
367537663504
771494487076
925000961641
140645765418
190924922879
322688105866
181904010380
278040439542
911604021560
848297879862
376477984582
678677413118
449452213850
606105282966
186334965770
314507992543
911849880500
596540109078
428864159006
782504885478
510023323372
828066833942
290540981007
148803715348
693820849046
308889916003
417654425697
489911269277
936574025928
528762433861
907051563117
227869766489
689258749699
404137195863
459794434943
704483104222
505600993772
433150832047
273074772612
269488558431
530284106592
34352210446
731209564237
860678094799
923785395414
962610582028
321377368393
95959586691
108675775902
370908162962
745210013965
129460168913
11501211230
227801397389
704294459665
642763580970
57314807641
207876267653
523973992844
165931564307
614910676208
566228767919
104510501950
451045727823
923747995275
128301285410
152534514299
198676394317
403938469520
603640334941
15529748239
965396724923
346139126645
762028111169
831103721606
619939028342
570105585330
880602764316
196583652100
679485457973
177188583564
416832666277
371627873837
518582674762
120727761996
312706652278
530246740689
415802225364
452209378502
461062243033
683822157756
749078823058
821208503309
715309838361
772011582100
607009929205
737698991186
679379967248
435394645305
895826291159
741708185067
626798608647
474112831745
862121972414
280346237969
3441430870
822365010659
987649792411
767179527700
89249253411
971327422283
262618427418
241241036923
702598613088
938758202166
414833610192
550097828278
100654130340
169950680375
691314222006
361413947364
337602354914
661810113562
824354287720
659208130344
879164088220
747385113889
270874217880
666137427772
570541270327
781996733991
544755290300
189561440918
479776911750
742258985655
402531895881
997614679779
516835999914
267125260862
476629771232
45211427409
568228301885
639650868205
29149781178
332859073614
207961659892
795577229272
9583949281
839968465163
584302534043
296365952625
118586229389
824220239175
554042733311
11098349835
757998780856
435371695909
248419958675
582276156160
145046515870
150598109610
76148203376
697752449837
567812252300
665968885846
439690968656
485204202686
332978352448
932979319348
918902753239
707190600341
198495546229
908081059578
534914365379
867398378775
160881341753
275429588408
313258631960
519417650394
851233444495
24712606807
531153681915
571159830525
512693249613
258781492032
212437010842
505001193785
169778219520
111477237509
62828613605
85974511511
983028677740
938882217405
461514706120
398950058964
634714291104
700477701773
696957157830
650986424161
677506226640
150518553948
900261817178
724660279541
111573609469
283379371300
540596822549
255049737786
602554340467
842403542907
326230620200
396993652364
779051230898
824894921539
868428720263
796620670509
496336773522
275408959832
347951415983
980195198973
326989009150
531573439278
861843471580
56077992969
563218238909
535879292657
240914866299
18922299044
97581488608
870433465460
51423439905
677976657593
55657868952
800829971603
417810491028
309378912601
193920858317
950281896199
694192908643
236494399988
581982982351
376914059372
89705167045
319358697869
431925889358
400301005829
723167251698
353742501901
939055097270
322789784754
935720743749
317785005041
401974394844
391970904261
980771493284
818764737864
701655432299
500448518381
614670912399
647543825437
224567578255
896385409897
935837534150
752157287000
52547862186
810170943636
890377727383
577600537580
590024147408
754918535829
414848868906
194359915958
747910339396
228875501576
169808541372
415444497862
184894113612
43826415508
473442480002
360761174688
822056208164
197835579150
753177206987
808150244743
225687930602
152115391467
779007657837
160022981724
282912692327
618619922811
576328116152
778901567081
110838269223
956581602315
522028735112
172041075519
993045513305
439053592372
123533491306
558273935771
426734471839
641613226355
667275270227
236084325640
112984813389
225458376798
983663739616
641230176746
9330808074
361925237434
952925093926
509596392514
549221113306
790970195722
527048709829
313534890910
293177921538
779552503244
51628665177
521064762334
352496116945
861983406056
354161188480
726370668025
791250988499
41950495905
883570110092
199730553885
695165494427
336899330141
771566508
108413182308
497657250066
16817183888
501593294227
658176202294
82970994506
622025729701
335211353821
75948574048
998352746754
172684236682
172204693004
713504594499
465600197045
526361047955
959211690663
220412300278
921069236585
513959205873
457867847116
607736581281
471904099428
980542919375
493206223889
27894357703
612362889821
503768742283
646336241870
754057778421
421232730607
510780128632
824713280721
701150860515
3294976964
954820755380
920336421582
751370993341
788228400324
418631086244
610137593652
643242754841
618095462584
119884702903
809969442240
162090859204
800431681460
910907597655
106274734717
239898204951
433916381810
55577913400
589452740906
936311906119
19135130374
580639210517
540843068150
759021530554
815003549449
807622592129
155377957716
155660925337
619570200518
908600237040
510862579551
295782259571
212886723386
409788580196
65777372681
651004830291
249390814202
372142366531
415374989652
296091767142
542288477014
124367637777
481769702158
32134694267
454768754967
723924724601
22699243753
163610349761
62863471619
815189521877
978463191887
124705683343
531189917001
835947565767
2950475587
231328749822
639720063347
994441005785
124656563223
85837661652
508040747827
284873774090
268208350318
65362518652
472365184548
444119742256
571480506955
655195503865
646081773279
65974513899
505819982997
250911136962
380014108552
807476990909
495086482475
219260332467
169930122271
83396833615
645906052432
165185299599
132971084824
497376759304
677322965232
482096079305
813675883233
294158362602
164889547080
140163752877
887978864320
629175848163
1040900716
748343403018
810306400412
308014529473
346308692918
587030546374
415557934767
110377905317
467919568139
716923730767
165789077111
391119557148
731884529983
583907355495
393846180245
314069220386
768902555445
122088125868
150403203400
780471639153
895416596386
123989070772
781516254331
154728000697
160166429614
369450802731
638182471304
26652534290
419321878608
382327406418
271505757791
964824289403
93414035642
963380236557
370647735604
994051032743
905303369535
20456132199
570651162735
330465685444
772899332291
719464456480
680608861331
95623041577
224535054292
992472179872
403563132070
614845363542
24403221644
141486685028
576151856963
246973892883
927890582151
433050870637
149691787694
741101407197
93837609296
832858584930
190160026251
280040368608
872199472712
318471552156
394965334288
216274712644
8767296990
424494931731
441096529517
969681226687
590298426913
421275701508
89380236046
504038257533
882277965776
12529888821
105071659831
483070272713
484796055083
847316533860
678407157297
93665165591
842898517910
995164401102
480182180927
851483943948
751942922800
133359832063
877877706033
165008769668
514400504638
800227730639
974567698430
191612852745
296419324607
240973690716
45887156191
169366026272
690119263949
577772724434
114040086721
805328616909
67855808805
230231267049
863675925848
10423014051
52699890704
994837696417
117473074613
420481118641
461111580222
664592668691
976243506932
630637975384
760611099559
725217905542
853725880658
231215301120
880308515322
270003301410
4460375028
206414665090
414112644
201556019347
466147365178
732570529851
249613011358
26970641649
541391671501
244044250599
816410378623
522292099372
941142885873
358464640946
958862276440
1202075558
609020807426
89153821730
952940444763
415279262197
378305109305
725599216257
507994325584
494379844474
50676403998
915043336899
669961664109
202563785708
641642367068
307337120993
800665456928
63530316858
655389174957
353593723072
643858483410
891788159181
595794201780
282067585800
476917821738
320103371865
36336633971
907325529886
839652875445
337224979532
703858652989
839029704640
195572800397
808959542149
454422899811
131816325614
811272795973
45355871174
737452076685
202075220130
782911412647
399380231168
491518195850
566918310723
489194991180
766647427396
600659631584
103273104730
922053060390
437818222842
256322056210
332111013137
244396017289
785381639036
673812504995
753161699031
772680225208
808820669288
842412458172
114113619836
431144363360
693141306052
978172272356
129251531517
451231637892
492426816199
853372186294
503124531479
507462141363
249450837332
372850190244
225155189401
833190508294
639146140065
674298169617
745956752061
24306971178
616102444326
821020973046
21197447562
731700373799
740404957945
103766669322
354466728947
836396945496
557039579500
888381592816
702937244301
645532372365
550968992210
922972867975
656380672442
635239100801
631065887607
860854368286
693657674746
329652541620
233131679190
56125082782
974656054574
807585554424
971116408690
953355837750
7103164130
218678543435
362968287371
680213186548
882409859303
456492277447
578651283758
968449670016
752323485414
209292298264
523588445127
180500347443
760284865221
579854421986
762577421377
348420863036
605719484007
105778368220
724769705107
526268314198
21599096367
545750901005
492197126840
817604497791
358989653525
669065577085
433391440450
304994779625
524884439681
578507874680
485356998978
665033878370
412967364349
941425711479
948030005185
792087573227
54409302436
773368032668
978988881711
202477076467
172495801487
412678004932
938015808558
169832065461
313320418416
93575476928
573099749978
720840128150
132497263987
577711303772
747621263795
329028417362
873656991982
101133775992
237115829775
163217607942
248638627771
228007664898
382417204919
168045779884
881954086603
587374064591
47157723264
107634401214
613987463703
263150334290
688943095892
303033999824
828026307839
191062080515
102484014923
397171724212
891314755964
445597714872
21064297221
533980589249
241885557285
285774877800
49822626653
245984860190
291237040990
845481968655
487128244491
149521175131
767089770782
40951037396
904896849743
757429983473
521592013623
436955838576
335543722276
628463253841
618630408354
749802178342
389031771442
95794271901
846500633344
351854407273
24047648282
44362060070
809660342465
773008485240
721200773863
665433167450
438988908164
317563455754
360283111668
681867375437
519453308449
735915969735
58695383117
994286319217
23258477660
51377439526
657421859599
666111676488
699213553908
726936712577
641701808266
264682901361
939217076705
774724025719
931195294203
437177939895
656460055712
186515966395
715895755838
823780533753
996041268616
439198468579
576742054497
146019396509
37315296081
475085344415
153662648067
315025114780
237282482163
452211506109
702776057796
431736435601
888188523981
669216478424
977890285042
328115514357
631711598572
262689197088
851570792004
186982853890
630118433751
735401131546
828302191011
281427376226
611403039336
55045235905
351799508897
798162979215
41514050283
549124995019
65750320369
434794685053
115139041332
430170147615
906008691947
949577043063
767378338692
333156011066
560812940994
757859867753
201122898072
875188031201
665969836595
375777072929
774063283229
826211002017
248248335898
920567424275
521631763426
526733535752
84338971046
319203129240
355521047956
315376809094
820592881338
197860837547
218111965084
910678694152
487155688054
937352850363
346878847192
141102391050
818321201189
692445224495
959550594887
408440305445
717593061493
570327777196
744310594206
75095039497
214513207902
706097009720
82531808515
575437099294
695458482110
697278112152
830067082926
383353412550
717049177518
596428755517
725890610490
258078841070
255749402812
940313485341
855036889228
921454486994
671980549039
615563074296
251398442524
657168002025
62609038994
699887186166
281693543436
434566690861
709699757736
274392886308
359813813672
505096577859
125033780931
515717408430
707420691701
424747743809
873355343043
928892896593
48569290652
554190034028
375898416926
110790918247
467309709516
684790415313
777539724116
836726306592
799687284876
5115559822
271021122903
585460333871
983547787513
273873211219
384157078717
414047867827
602026687567
995321802038
921649568716
776358648026
755730616969
236806359749
96572223399
611956100323
174867753546
61458616878
218502975340
470984798583
499550020934
686457885297
874898368740
55374328377
497592518592
963106740413
660613484473
786365984897
203384557546
312877281395
577245312213
201455944314
615843398504
324098188313
418729254129
916170639563
433347813031
463874134042
550094073162
88321052999
672651573088
403754046672
772187086258
275179571816
987326909799
690545614355
175701001528
901748920244
404035707224
409999889792
479580264635
651141344508
351033533139
67376065896
849165111793
915204242041
374499543234
60659149748
