1000
273023185113
867813611014
355338251526
854873251998
423653815327
349881383425
182931591273
232727152535
204100624352
51532297629
276414561046
809739842633
485699083481
50709520206
404645377082
475572814110
395751391775
447451299473
488646206260
435859315690
252379827747
953608700643
335677508013
868709694699
546536306044
465139800597
799375470547
152004715133
556454434222
223581119606
567938420445
273594734210
914103448486
791925589724
571875783771
602594986918
731126271013
12640971400
859501619181
603771905245
420495656725
298295700243
690547820509
514932961249
961516709375
511986626359
416534325733
507450268099
746828011740
488820037251
985236028591
513316585410
739693465855
161463073208
309348800911
429757683571
177984065274
177531526395
490706612643
648557028468
606970917064
999642413113
939298359569
697005426881
765172861013
635912356521
545348004978
773127536829
725855672386
728431460408
188709165370
858401836050
783935640072
612777898687
17591469041
730902939994
73757967062
984532991676
270757499960
392338298583
45602832855
28339003960
773729485665
217732607270
422570647708
980672212280
581979301611
874160919593
424259813704
998785185046
215763428697
5105275581
423555665321
584489160508
974273769534
267908567911
870726764031
262312253377
537771237217
907202666228
942115854598
375061584931
616112700561
610914202236
618543545038
369350649826
58251674115
496491193203
1623374427
462975482606
892288232116
261512793252
404561489346
491483374544
627179531295
778074120224
613465618771
160779881795
390884196259
11889291664
311828002344
373901277034
935469814927
272785929339
141336338989
448143135032
645710179091
807755433455
734839523677
50196743183
430242012703
120510328599
90919306961
768571731912
715493296772
791516979783
472291103614
424180066789
897267937060
900165557997
820831266596
710724873738
470732061884
452211129799
476280551526
416499163906
818094575279
860250003806
508626799408
409172602849
226264674982
527230801308
535522229082
114674472391
777342978345
431089727019
379003133681
813581968760
25026486744
697749936094
25756614299
736025498173
147981201031
897669281595
346061721367
114109474883
28302382978
904043756624
300455062584
299227152355
45764828507
750203039239
457726874878
58217104280
841557738925
175434351552
446362524153
395744456411
128327534873
955727317581
615663196150
782049724119
215908581345
304258002600
58351996847
478580927274
50214101232
478192086504
991339399773
878048518086
111679309839
253415912718
63056387159
500059677757
898223194933
306686636424
868536155330
952290984608
721784871199
182039771297
75569739371
409782811908
164352796570
846064976974
394228915298
669680046197
920959525370
477695523779
652890443593
66985509201
474186131093
303104927851
914792190836
673059956432
664516113140
834056059414
803305770329
546208619619
812670514527
789932791258
41744942439
615795959596
187384639327
137585609913
154200732632
469720852425
4352654649
263679465435
594608982161
368639928845
710129390547
542042920516
874774402951
273416977065
723855200513
564502058590
784897237592
609095266439
245094844403
830364307558
860959004415
195550331832
582086593130
950549554382
861302134897
610494680319
355763140509
282769908454
4090937946
521758192239
509635636561
849521422098
4440616895
543133230747
769461346560
324371249206
185515747958
338825071093
775581656683
247065863302
176327244022
16143921757
127041369100
234195715814
752533661507
978780021189
374608382821
535328251621
576094489992
566583481839
586147758299
115982441156
741501722435
789036317916
670261997561
917027556559
236701595783
683676377867
575888976260
394675139652
205542459391
859121949840
424603112880
861691185106
371737815887
497750365953
553907816639
881038537793
383583778065
332895568911
578855488711
945711284040
615250319307
511349263387
697651037116
395972696613
536324461818
354435893140
491879449404
485486893930
400189461459
124703104927
145534051250
938801884051
295671941166
625342987522
668595699955
18154790273
175587007631
360005328325
950268773533
513346858989
696730233495
739192903455
733210997215
274635993983
877426522865
703676365686
615803423249
946381746020
500199795963
114577520821
330484784460
639536979266
132468642684
219355897346
691769068521
603022714594
914146648091
882529321309
157504514668
169925820347
92415542824
94311831751
198281334302
863876897578
563043239650
254672977373
991472146467
413233827893
935774173649
230866811500
369752480419
870859963479
685256589757
25504264553
769747687346
291096101324
700012367958
407481878367
898761645427
191576917682
717482589687
962397343192
268948557179
801760652838
406789046568
279089138486
7863012939
724699400832
442489131206
896074501723
574665913882
816021647644
17118310610
678064997941
320785894241
840834008295
865616167654
343596698853
703837290558
447617281777
696761132857
956624599544
577423165703
162688325161
231515346490
684834341575
932168434074
242206132505
460219208195
72141815786
129137077785
455509245075
474646161800
373607182464
621157670987
611976486420
533484559483
203052616370
961150981776
713742335629
367710759599
333215944727
963951686710
568053611710
704327000832
357960949441
339026725898
179462854750
483003903730
709744983277
604976931584
753445992442
45292768858
96046359401
128138640625
646208400278
968259351965
57980431893
402177556200
313073144237
90033549126
903198650522
261810948812
885298365760
823284206612
470783068201
68647672446
458433409673
314858980441
681242413310
2722273186
88288400487
638978570745
617004723833
313320601767
331652177184
836815252203
577539838808
722709664976
29236698085
154322120838
329995149082
30276262192
279201583250
271692309099
976464990275
392779958324
441415852383
943829689798
203189822903
586234812856
99158453273
676600493769
799563937348
830323989429
945427690403
261111469214
800345512762
196016295245
693963164371
290667271755
915123593911
734324485389
333825231009
998187039097
164413657503
575143985941
742917781474
444051367462
106961298648
945157353647
944145990462
166213090698
738514887355
607199576980
200299054408
126173001311
897232367578
499362363377
30058655032
683428392093
950982144548
206103710622
321274393988
285041989
97048451802
496055038334
697557595807
457547564486
439831563984
26561843936
430736794745
834989893298
176491609445
468444041712
741596616388
776818736687
540187445297
135261263954
379141749428
931144538069
672202818397
646203682933
383426385382
317776272062
747274920473
430269006283
946841149334
38464005508
59951658592
241161891327
755831931220
524835219646
838595495147
828952551036
289169814480
778142502782
429377868706
686155372144
524193360821
931031551912
22186670194
457969388211
908370620734
225273022526
35439108499
296255101774
332904541340
501081140328
358784164301
244081033837
152070593939
904087787691
870881768790
329074887865
889329736392
97468698806
478921559610
100079766705
283736119590
545050096147
630284831961
679964455592
527885892194
246269255163
904322092822
227458102152
776576994676
66586450485
969980612281
360350641810
951721952139
658442816685
811991151671
147222505740
451847515569
278024936930
129203391781
7717454814
430576296372
698053032309
833595262917
836811042429
871048103519
537447011624
269130613170
860243914716
604004145052
620034791969
135813273769
307944370880
378065756500
362211633674
877672517107
682490069912
239394574520
44435427112
630281342154
892969203541
987293966511
194535828203
865023467505
345141171272
494788701605
449990132823
208744377035
280623300773
415339900297
78139572121
251727975570
719382145927
454198444235
839710453285
44524285493
75219163290
811428750581
416676626674
422308099257
642720525351
756447426020
541899548239
991889219369
984869407424
339929876379
994551508280
232058805429
678435061824
218401941772
479268102457
919909728844
694809724147
532052239507
923805252495
10829802376
361474014263
543382979127
741635056293
392278000943
660410992140
827632565329
574119625933
845034961204
791570028321
139907536646
443927536098
757479095548
518605494842
694890523246
369043943998
524677268202
117331839873
70057263028
691308978437
773083204617
339477375836
551265120453
724227090325
789248879074
827888862069
253244590146
718289744084
348059941602
614713832180
473907657430
830122289467
675580612991
230583916194
181759173081
411501171206
949070164712
955066398760
715483576947
926737708386
652815269060
348245424970
544186585153
374978176057
831412321029
925725105401
724291532998
909877676888
750323309262
517697444028
130948815806
528276352569
773380929797
205867427027
442638179097
493810201457
118575779963
546959305796
74151015140
631520500131
111363984200
917310990275
490989727791
835077516219
480338317255
406805865847
811094990554
336693793589
231710843156
660410950624
285408771509
65546814528
597938184724
824053330025
178633419382
241544515906
620183670685
481909865932
763177977269
299903097531
618527878915
805094674413
331620314423
293260547028
966105642575
853045761744
992576476074
695504664336
104568579582
632464539903
263183844836
610466639404
160026557056
400110261592
619500549212
419360747623
203307276703
810386139594
775870252863
940008030312
150458028065
486703684567
978074039892
13331299
778008608008
814352383104
233491677076
165467735509
9181029985
993919240185
821934345567
598345140282
130801117661
103780590121
998352383414
671181252217
826886593190
707360120866
842846598110
287086805680
470859352795
496528545998
16162619778
513185826738
638402028314
720950200527
339339122453
289782548769
329628962854
335234665809
994057684571
642638564959
138732691190
385212493408
799260275635
175029178362
487767525792
789759892385
759716984
370978495824
847700067029
84265428906
946166370497
908872055527
506164078042
245090926373
670224327501
478318996077
612673696210
188133987523
876023714437
122528617533
630150843727
739776574650
940115094115
58967484200
215764359780
698028609508
398859489259
698671898029
41535373114
785742903641
857175531238
172475893349
380413081870
300707623021
351743132955
762181864835
264694391951
936504414515
826282024003
31248828557
702996868624
528139264884
497558280395
484813291827
919974806241
593654318226
676677740239
882145050331
920466257131
557539257995
955798326888
385310378053
934339544036
115459053877
773523353827
115121266602
676237767886
410375897569
647060446396
707336504225
495191399788
19503498095
616424594498
286844987628
139093953956
944402870106
411286102606
560099627078
154457554539
21603004199
210013794508
379397863699
179301987336
530552574309
829785164054
635459740982
792877173523
786441363170
650793525267
337959983227
63340915147
97106402034
151009167502
950431737074
172160387766
898220962989
328691757226
503436941820
551160849204
935350877217
93151480242
306363909926
174086309172
993688128779
829531906214
673732732215
118542715424
710948716862
493801314065
883084206944
759717480191
648232074468
482172390522
568561197184
573198118697
438922324308
515360481504
66072763092
143919091555
174943544498
634276790691
818047757703
786717167777
412435109663
892577559628
737294160713
782295487131
543833321288
262593962575
11057370006
937620341504
134539784842
720700972190
838931454824
609609344733
296652889049
105769262884
264614710092
672994429892
733771572817
260889333907
776802645571
634569939141
252623690669
481336226725
922486888455
956461822275
323145022058
305474758149
446062141872
778870550720
116286806878
486612786600
693117783489
392727349932
956856158429
658584447773
689408274290
235165206406
716396991433
224777812206
219463157091
610039089674
468564589206
691961774736
724786563406
248045531888
991019916834
359448495905
265696987769
487658548290
559390392342
651861900585
587265526947
941004329708
603060251531
748235588013
924625394008
745869036518
862738719749
318482893647
186935537084
44297412660
384902127625
784078809972
375085816947
660890363861
759131101693
706744408543
514592436339
695940129918
836809395312
988650602853
168479947499
756157966113
954347226873
591064182238
551626111107
778648237750
289156775427
275946130556
397764545574
923365264699
755650074957
478601652221
943035604608
193129505100
746618275903
968816534338
998720319268
869607226816
381796053811
620696661564
992997106066
325883507220
971783086238
596781311005
583338110204
435878318527
905592540993
564339557360
987459659696
243950749714
987136114945
213778900139
537365486915
433120163410
427889214519
648625286341
407609324198
509141272812
145769497840
354019355547
126061614136
18664693817
489308862759
531303703985
8185388592
216252472279
540518462027
755862050031
402970989271
478174086433
319744531585
585781586252
537563069579
573403019812
944952662179
29488979171
621411907247
818390658363
609788520910
969855676702
288471929174
927989232798
187767350575
764480942406
938676585066
429437427370
780290389014
379513082217
634778111475
711419174856
832991818229
342533431931
820577143767
732797223137
18191516104
412018795661
413796925025
941045738383
619546280672
582762870987
