1000
378335638522
853457724190
208784629665
250418860271
335928869453
564093645181
328140640439
816130183701
258009390481
322416721783
631181693977
121099002909
102062863707
380759960524
104979932159
675035805331
568260873330
512191704123
59678353896
111038808011
615321758824
713889514203
535413569095
377946385019
381302259611
2105545510
542884935453
464506321307
291341976017
257586110585
53889942659
962457846371
548816637381
879528115801
304861921141
462918100302
358768084520
442620009605
894916278304
470602087952
325838203358
809578635170
363500194396
470274360093
611665978712
527477737318
42651749223
485263077951
904607234931
808204335378
803162884526
56955705490
737133103608
825615596175
352595490215
482610558740
182591212196
198788180108
470284810229
54811278694
735468772710
811262734834
64064793918
98581294423
740428308749
837947874892
466077670933
205158077775
165740555496
935208398974
685618895272
972606979135
25093797160
949741795946
326761447623
973491516111
524007722261
990141367629
184902503916
398437917720
610980901446
538385808211
747450877108
364494682034
388763263860
468709533674
454379324748
501505831584
287106101218
145739209442
342721889867
924870269017
927880408011
704188555224
199581370562
554301511363
999581859927
819701954277
579211641778
887081054178
337633653838
377107618200
93019368330
404007457842
924626524508
162680540973
768943843677
530408970240
719779587810
534462826895
967474634572
292779595564
253740789559
524944900342
582411656445
489194693611
69254843686
202037135903
822585975333
633635302171
791688280392
772396988035
451861974339
785086653573
831264171659
694223659387
409066647801
122440966287
474808678880
313853963368
184136146706
601343464466
288887831662
440868441420
296177747817
254300075768
969733431813
339121121017
224084465877
682577568858
133261561628
216645368549
457501494254
347734220726
790243107128
589943825629
648780814278
64243751496
56655185045
730040338295
187296273566
450396014948
23328408828
524056782044
763477110017
362531871312
783299149969
859474491598
391578939448
215773919844
996148986456
866499712057
108923611986
429680528468
876499741005
343369263163
850156288495
159567585335
68273815907
880458968439
516173197657
17961878094
725549062288
740266219883
834227788210
10290652546
803299080629
141764249573
796343025813
419896729759
967831042058
604686289861
100951452645
457989408309
927927150644
650443493615
239566130421
56496219313
894746105562
94374170788
700101892780
282098166316
576669584596
845270437604
318036437131
938008638745
431238382488
562264613191
191414303930
330619937304
395518606791
470478853746
397400110100
793032183785
360868672138
487844876655
150815875055
187652490966
897325422517
199754803500
149213100467
204904505688
232014500972
546037825158
756894816294
413320965544
359682977665
865695814035
524623652974
728714114474
233935904273
484154526351
491095070869
395892951824
511578010097
857572869751
57652220617
636274244838
350185457377
941019025130
611662651830
10346210112
553202797968
2477281765
522125033954
75758646488
879883960044
855200913556
824999564853
306970625842
966814623644
477939196703
544578795920
392139756565
132946353779
783297544361
704922901390
344363605020
849509881453
938472642646
603396956469
983761069173
107863677761
196817184780
60333152243
934215281826
151110747219
459229605133
575893994101
422234024637
274238349787
787501977279
312316717138
959868614740
265993161657
25139251857
595562591227
809513228582
806635366707
929222366169
501473170119
297786632103
705142371048
993126614190
342751141195
865787384511
184324747931
397973543546
3841006164
726051291606
441700917348
758390032900
448608179096
18987925255
964505196248
988768647475
388603957206
5409789528
303611072244
353961752420
956499034213
667658529321
199688888936
151408962343
781297609338
224830698255
505907069106
523857421624
526396550818
142188757152
277227574991
863914548936
44703260863
443548292703
568531718012
61925017605
322212221486
13927081759
822326262459
560717624760
863820586686
558009242871
598884169486
985505774719
320009087640
634883081079
965111900852
350688106217
28760953688
410770661301
851529965563
993463860952
787873963580
971043564300
670187037418
907737172695
180511408626
291027913245
967588223725
123810469135
761914649248
212590436566
192275403300
125523895470
22358424024
673651292597
728565368095
676564527370
518064979435
608435312039
304078572851
709609692637
435236099784
42219005683
10413916625
146900116961
74676565684
854303724083
674402339379
127199984742
990733091121
795914810030
174221273311
465749784840
763438806716
935268089995
284455966134
928062775360
96000840517
647517852579
538790649852
474484620491
522263167193
285059494280
673890335842
425441424743
597882533802
554758893512
190310229572
706166719599
417205418898
466124464073
614079750136
727620808606
222572399417
965708292720
10683808364
323505632401
521103910095
252254437941
475710435795
639568519443
282063715404
485697769687
905947980545
37704850718
934016008644
138392063502
445780014569
708874019871
966451400661
697919996956
661381659882
611696353635
116472155416
752356120031
677541709718
841693437042
830927940811
443086049854
620485882183
952324669648
488664228076
724766782635
286397108312
940786366271
494579888103
377315625913
468559520005
949624779732
518092843577
56842877849
926622520537
739458803837
177438109864
200639965996
96168843168
931888115300
631558120668
706048615276
237871038389
51089900743
561226723545
218230494330
866601115504
975260887883
253167931848
256118178601
656663078987
537947024823
612848209110
736302165967
623089327312
663057245676
444594280160
398686829790
954744053138
30886574994
468497590841
886022547968
768531263186
65723365872
515835399506
647955431079
312147261088
224965624124
969991968611
781396920670
702834243757
378903643632
202295684935
610601634753
424951391859
120363515851
61593202198
200865430735
665460832977
19984805629
497661320564
993630665915
931239557497
204035396902
908196804939
469954843955
480344853866
709597474220
673952616528
747705689565
147679327515
964000042061
130674532626
666757080653
812563272106
492291463192
573414028200
936656235290
170586161262
2933849597
611679032726
436976688189
933203814851
212174468858
746744892227
541496398937
551478352218
838514523244
465761891374
697352733264
880595918510
693209878702
936213498785
383936425703
491652900331
550660340116
378635741991
348248994518
860368303384
569067164221
256878811854
186188013677
805993998749
492248017586
277572563455
308369372627
377768301326
480415782369
474275742045
373616229275
946039237129
666215739055
715719506859
295551406597
959532472214
97037410971
178874494929
151812605943
921900866146
710341906676
736716233264
326852326145
123967878324
109456898257
857812268582
303181422270
425442539628
902080760979
151509183109
544425561762
102356990622
508683757593
563669198510
688875601836
338625761611
218290858340
424173248962
313946591332
625332841811
836838456458
650607761101
890011007611
880234088512
835218936969
90776482364
877082784208
805814264859
581436627194
840085123945
409826870934
708389713816
417275454628
786245800015
211536821274
131176814752
682431654884
199612519471
973097632732
382779754704
34345073852
691049204737
474114995672
217159558444
585753998908
374223395801
642753440934
339806822609
492164521876
716477707776
113088998357
680070184826
544192015845
873854201197
624734594010
418322631719
803343531511
543933674207
810970091854
636642697880
23325089139
734228994669
291966077590
34899540668
232186457396
958985654144
589983790118
869694095943
668427981514
552830115074
894025654300
481366987248
915074865289
240095060229
348591992200
782644795902
181000249519
251011263305
809770811300
669185162988
375289748516
255745391085
347943758916
710516928699
454414058593
207264730310
360828755055
903807889891
539073444544
236274970623
39675335121
869269933717
985391091638
678527163126
504203434982
704066360267
654301909749
852331926040
5048692651
863616476671
667605046463
853064823162
183674965212
144723547919
539565406655
161520915146
802954812120
290054659239
754102275030
949717402733
831588648434
451316452571
10774084957
119306103496
442045265215
494146959606
612884329345
269459273243
131796115386
857719632451
788079735323
318867486200
724007691692
703927482467
571600407952
288215338147
316072841229
808332799059
625083420968
565964887823
91877664704
235837143477
712866389440
801219634233
394538504969
709380840053
585461370332
825408615745
2445009070
82025980233
71548091430
667552118627
765084623812
559585476093
238547533676
880114006946
763261142559
410108236427
231754027017
912023561621
608416412935
875449701280
319503652282
96279879880
431136850692
12350075595
150055679755
43628094836
742905729872
283252539321
778952010115
888530152328
537092938010
663115442954
916761378487
505551994613
447208276269
681224646460
430269191174
781710757798
841363090905
225667467720
828895423873
103831652815
291223356288
519822061001
373915217738
602009744928
993138199984
422012399383
323986389686
173402455020
125600616644
825920902556
694132629500
269108894208
113305686486
754937620538
348197576302
334996977832
443979375191
30431385363
348411814699
957602107459
192340294942
612445273970
340138806276
368860079812
834259747373
755005498392
227415135398
649020387428
852714001188
1992224510
557390958386
104296812868
335928693064
755763427490
221437176309
722918204797
484084170352
282602541081
249013653038
112739111518
231386927594
588120898432
880017015498
735936910987
470627559641
575602124839
570301371505
633942255998
487555309184
553881912407
874049122555
417356399718
837176782589
97876807933
871798075381
397499599118
229372537705
302684676574
897806949845
332103885233
875505837514
312595648384
721875374859
910488893530
621865617903
132397053301
60007193445
151656479554
667435975205
681143727839
449145427650
629019004619
98932831761
533958448773
659367104518
830376997960
383281583140
706348592172
347923067597
482353823659
579387643560
879595138454
936251592699
756520175889
78031278671
7525157518
230203296709
18179752231
822672691895
407131760470
911453512053
984463159531
631874829394
71761225840
539819103089
174036616297
201898199306
369815908312
543560179770
963835119264
706836034510
26196580870
138912215847
250220252607
676997529541
125749082769
765252842750
418539399731
401911455192
101340583970
140355273689
928912254852
319447715794
11712939448
825295455924
271308815236
390317053275
408838080435
964760729377
220556776351
624391471611
266328404729
906545849933
738833484563
161116321650
950167424707
668794619148
846300735322
28121239831
336507850649
301348067154
683233225441
418777037541
498861355546
791774460925
655436427958
467023869693
460490329865
954380285121
881176758935
652376318285
645248039438
17523991182
153069615874
267739177547
975688946564
412422123729
92775093288
392045054284
443514637242
881482197939
90199512109
785293357348
150962184770
989722095362
165429560860
790344390671
602135241977
837509366315
144716984190
288634515817
979193706550
112788340910
479489943671
558387473513
546377248103
792141078876
681490090885
378661355671
617770463355
862872886784
590620819357
912153086424
233900909864
389205054973
71764061031
224033609060
942226276139
48667983089
438654596994
626445295034
289069433722
480436503684
842567751270
685821847071
312644501789
659046484912
559295295624
786978797664
940824327728
754608743764
323670957920
752911060847
792483628140
147220554497
135300850378
479154235915
443883561653
988671946819
932006967291
254973722843
349645074018
713074340389
863296509202
555925999130
390568442339
434283216717
352453586866
983437926587
722183575556
919951843006
505441428174
416991747673
502185952222
613213754357
543234706455
121958716604
399773373247
612425745147
731963520891
156799960154
561595335019
86232577360
839710108315
32564460386
394180227455
146605083223
707157263331
556389073749
628162354323
636923450233
626389185661
466686475334
798355863445
636974659123
932662783126
573964848497
517997138340
719594732415
580915117585
322339034422
882745539290
251100029120
975066992512
882372139113
542089542360
873446292082
617030807174
885365969825
298373925131
703914941038
671678189320
15274790957
499028631921
370454772115
204721255295
636600092543
808199048817
663718634271
563915026981
69544581295
633013785270
151992509385
771215367175
444309510102
807723218557
391791981902
2395553099
90163843820
31947042395
166714757935
719694359929
448685210500
987639160034
774813304678
684432283819
651145391053
139855601940
411535118494
191715072188
4560437913
95131625325
881195201246
332197220085
86205915938
81155507989
331561505482
591171500696
33073975739
837458227380
882483913688
99697582201
313988540180
656180949933
11965012981
753458742946
364273325626
471675926391
77231558855
931559554140
687057628928
695011695661
357785685589
210034662437
447641385776
489797861303
209895102821
455725940647
552711073607
