730
9671589
2101366
4772594
7594623
4786056
6390222
6104917
5704163
3449132
9691257
8365044
2121808
207993
686324
1356564
9719189
6217054
2511126
1413961
536153
7119190
2321321
5241847
301152
47409
2430536
2460552
8490474
5847762
2032840
9559511
2411540
7578136
8545470
5666193
7685384
7205571
7383696
64378
1442197
5192510
2885217
2824273
646789
7580147
8677875
2790460
9229152
4034527
357511
3061369
5053806
1199599
4975774
8528923
7198272
2009394
8203430
5523698
8235244
7365721
6273102
9574120
7047653
5078996
6335788
4942169
9765294
4462316
7794082
9178955
616508
5757
1432655
6011498
3429623
9987745
6846507
4542254
3961664
7332837
556046
755826
5475257
911036
6063893
400492
2990939
7334927
3116137
7390528
183755
8099435
9001645
7323656
5642708
2709542
3288514
3062848
2612510
7274372
7517913
2911420
3772154
1721713
7147540
1027942
4795504
9500347
7034797
2589121
6682326
2888932
2201373
1592221
5092695
453916
9789893
3686148
5329286
1378080
4005597
7888798
293064
4827905
3846237
117925
7530506
1759926
4445195
4003945
911871
5709011
3930490
8523372
7576883
7259188
4577373
5756793
9510284
9270591
2686846
7876493
5018341
5867350
994274
8710092
4744377
716199
747719
2052158
4232666
7284989
7091473
6118299
9118264
5779702
9482192
7665212
6747814
6643116
1467867
4702831
6938645
1470525
4142394
4428093
1446099
629857
2532081
5300979
3339433
9379033
3343172
6710046
2143119
5523405
511827
4745676
4009848
5427463
6230635
3656795
4035893
5696672
9969639
8679870
8807924
9531915
8065020
5346845
2541024
5462441
5755760
1816969
7546112
5648387
7064790
7535730
9470879
8626987
6844968
7502941
3266005
6937334
939220
8246124
6781169
2172662
6876845
1850641
2800800
8832119
3956847
7999458
8424783
7364642
747254
3734365
5823834
2498893
1321344
3071937
9228513
8286939
7466940
6283623
8102650
6731382
8481524
6552120
931497
7057267
3437820
1380374
8409556
2535972
7763023
6019490
2143135
5960708
7239649
8583948
9203022
1177870
2353006
3279245
2357202
4707832
5278566
9914971
4380492
4643653
6669726
9041030
2751548
3706720
4967620
3398303
3521016
6093699
1328361
998165
1624229
5461561
127369
1629140
7797164
2515894
7882059
3003306
4799618
9108528
7926429
5616479
3424403
3056814
2259391
7859061
9929963
1391390
4553945
6513704
2925279
1394887
7938977
2212018
2348355
6381695
6754360
4514480
5303293
5907261
6004771
3751695
2000553
4893476
5617736
1400137
4292848
7740004
6469762
1024969
3488729
2814497
6907668
4594951
4297648
5086281
1582176
3698916
4919671
444520
6002872
1054250
7906744
4703983
6788230
4165039
9160057
9364561
7005098
928799
5014429
8057828
6526161
6207776
3601592
3210696
5431413
7827352
8097706
8927139
3637150
5290013
6959027
5424935
7727741
1138054
4419674
2074733
8810425
2104340
3286471
4632922
5209125
3633619
6431353
3597113
5008378
4359460
4201544
6832284
6858257
7201472
5118425
4303211
803145
5293609
3379928
620494
3693058
6731941
5452485
1846882
7706584
194222
2422997
6808153
9915735
8685789
6991661
6145458
6366853
5283239
8069762
9832134
7360883
5002162
4955528
4274542
61978
9559189
832633
8194708
8888960
4845412
5406767
9902002
1576032
6278110
677467
3990667
8921008
8917464
1650132
2431750
7889391
9561781
4189992
3503417
9214472
4549675
5227370
6546418
6012909
5552359
5187946
7747947
982738
9648679
2435720
5222488
7675021
7518137
4941927
7409731
1028146
2365935
2584094
3330216
2652172
4043067
9019773
3021067
7440781
7555002
3931633
2359923
2117460
1728276
8780172
3401321
192709
6320390
3721498
3178476
2633466
9820253
2489246
5691657
5876888
1163689
3246916
866648
5368577
9216827
823384
7010320
8496591
8218417
473539
9583802
9174718
6241543
7318941
1626739
787968
2923054
9612022
7130989
1662774
7865326
8792464
5366943
8994369
5783461
1977186
2504035
6360880
3958759
2704193
9222252
4973203
6940881
5974598
4430479
5294255
9867447
9252639
6820277
8957312
5687989
5343254
3244324
832852
2080574
5179563
8570742
277203
5148381
9556425
4646967
3663773
3492383
6026145
3335660
7086952
2188249
7317605
9602349
9083952
7520618
4361238
7652370
6651923
9335279
7063935
7086854
302020
1419685
7431867
6029629
1719727
4621470
3537151
4280282
1347156
9244777
7711874
7668992
1935328
9434862
6457281
3142150
7202235
408737
3845030
1867409
9224050
6068726
2105006
5310010
7849701
7156656
9562738
1220998
6765375
7973172
6547680
8820642
4654947
1513397
1394785
5376250
9390576
9103798
2083310
8582054
5809534
6699071
3349494
2128831
9494173
7129966
9133409
5609332
9778838
1451261
7444124
7899852
7396581
1428543
3341183
1332731
4499958
501552
8367614
965326
4344165
8257784
7198132
2649424
6319452
7412851
8072159
878950
6797741
8353050
5321712
444170
113030
1465938
12257
9724642
1922159
3643984
2902355
1485682
2639199
5011755
5343561
4601863
4167304
2813137
2202286
8758922
4931750
7017275
2050515
9016927
6017038
7449972
7668979
2379117
211502
3873298
9508287
2704124
8030055
9096023
6399907
2645696
7144175
5241940
2528787
8072115
6568456
1771387
4979564
1101734
3891788
7659358
2739620
9510434
9806195
7872611
1548289
4034108
6391345
2107712
3746488
3227563
5140792
4528924
9555508
3940372
4123336
4667552
7828795
6903950
7377236
3905030
8648328
4041599
1343009
4414326
8829941
1237776
1040493
9915575
2769656
9470814
4122016
5750296
3078498
7877340
299395
5869224
1345089
4825415
93887
1358236
996517
733852
3855666
9194047
2513144
2165562
6823354
8996521
6115676
4564948
3460159
5883222
8333774
4964278
9877614
223351
8631183
2986296
5628147
2328500
4053804
2295817
944654
7224170
1581865
616974
2862342
9984357
4353468
127083
4057210
568525
7513885
5133153
1197882
3152453
4026251
4331995
547216
4746620
7577699
9518617
6886265
9373202
7860700
3325894
7732644
9986080
5780319
1203390
8668810
7586758
4608934
5695548
455027
1185811
9447284
7556456
2791994
9825970
6764596
5433742
1541958
9864116
3074275
9420216
5162833
