1000
434706510701
845216419290
535675643315
838886905433
997442016891
971043839633
781872058996
318165387274
499195775789
529054345762
456040954943
156188793553
897336861072
452816771627
995457064284
63950672322
867319029560
712530852175
233888082838
346280734380
356402415824
120488159863
771893395313
13817065361
208462278587
770169944030
26787861390
615376091288
361885484173
563603001511
265312953333
383397764548
228552010423
408271089022
388608694441
858571815047
947392524752
195221726822
371570455085
212805602343
884443843051
528327448632
194242297940
60007775340
561511871740
403024170520
829995342068
240955256756
21457610701
165496873081
485625940293
588662544877
118687284526
400382737543
9818062992
62721259608
776237646484
382809361343
300470523862
25553560163
534641874843
458757129821
624155431201
697984426736
863916662994
268008414862
73408784957
34396782174
381518538089
466599037662
587164343819
243405568015
358865264914
256301496169
545508632274
958123176832
634018905836
974376930862
770557870995
342808701268
177731491553
33825473391
637783402738
813771632726
504857922327
429909564718
795602632741
259102380907
160375041687
83148578068
812647565405
368189602234
516458016694
434822990717
369518933991
53006497634
373003722606
996466944352
460656963149
992451803388
98371751438
261085303158
128398114545
5678696431
822865479610
760981156793
898094646281
816790861462
440728042806
523302362320
44639362932
845567747261
862129751845
460908278228
216722885386
155674687828
816293226373
101858446654
854957533607
497575832905
500420270816
801374605987
318549942766
563396955083
377716000937
717553996021
484480809188
421584310997
141436866618
752255377817
86177951148
953755056919
369661654664
507851226366
392759605217
300106583225
896711321271
322532150587
625857152919
684168772149
1755209612
155317277460
637011242644
258162428704
589396982813
894092894429
677479266756
487400917749
25115899070
497668959497
995710587976
452734354939
112229394488
742407192311
400709993737
868663308803
647511107592
123334940658
643321581189
965190820592
759743374808
322938175569
55301087281
407580871894
155518700702
989177728393
794151179457
542681163673
913461460988
139059942970
692374497088
814659579847
683668831229
680840308522
15162832116
57264150776
230920744601
589567573755
636668070289
350517553686
151671831268
354008292422
803677004881
707583228055
280758051786
984744081114
368341400525
498952846032
761698674928
335648307773
370881316711
550074357252
987528442952
749122428764
857230471729
452253122770
962588784905
260869769688
461455667314
129766353258
753286501016
304764871880
124366761743
211368926090
708522312451
305883476986
984647776137
385561321848
787704710797
826562062461
955789650550
79121465184
401868600029
692947779394
525443524340
843965613054
210637221291
652947635290
360717563539
699495134934
306992624995
202259350736
433752847878
563876543455
462724556703
475164967604
523496038396
826231140956
67624749914
854965688284
800386222718
594381469502
467429040868
689832208965
650217018790
992328822142
456114018936
477572740105
175145656353
369141204515
599064253779
428434428499
610445737563
241371155282
193076936385
398411552604
987095308591
374804679975
482050193874
977966788714
41371679970
759628114418
370730361786
529561881037
957317856554
547532719918
980526830526
970036938692
653237699350
877208588862
360445429943
357803936398
880636640
978581827923
520092758824
978932878833
116967825946
801862796595
413139939998
412455986061
335079327391
701126609074
339095622924
794965868635
361298903875
502520798858
805626005570
943275376660
131812059521
30566551482
880564751074
652027998332
656363788513
378053629496
629705150866
79419112188
697950317557
150553780338
280831920907
344439624064
895602090674
757996865016
627265346589
56786336958
195717744097
2817513086
54914471566
723413537733
224111410881
859200193614
930604741801
506743972374
753069088847
27802534340
189864711463
678791008252
334387768995
332166287107
194267754000
622125909494
470940450315
931610162808
612134722136
574268538636
776305377701
992141149293
274788764577
118706794522
909074835689
988278004059
522190698552
912923765212
483876933764
651707446160
491332153401
815258561765
828943097341
337208859549
691989265008
119887395060
220079409374
749819961061
113668677903
416355592205
961053456614
842411058276
696695335618
410754452377
542299767580
41417169809
870555501467
884678256941
608065562685
846709840532
651107193537
508268437336
582131077954
630870411423
145078880012
876329333167
293662666655
379380854652
265811288203
597742181413
868332206338
325315550700
59228150361
799392033199
116299214509
470809860844
51373033467
15489317663
882796845462
271397365660
763865731555
412752988309
792148817665
659160645712
283029398837
58964567387
726323531612
989601881580
373313719144
62256047837
159450093681
69213038762
705494024342
869519377392
672031826557
199695453379
971474041950
319595019989
886257031709
331997622108
954442705544
434740365605
756910637694
673918656787
811194080937
251288752544
156791221825
91334360901
972046818553
715586899881
507401112192
409195483128
926225009684
322466218524
345356977606
999267998437
258578391055
248991104810
790631209101
880997758143
661701276869
523082398270
334968206668
40457932244
761006230746
683264362606
226342325132
265103586745
481876061888
232123725236
605910725708
570351314952
735954484110
914950401003
313079134587
846983822336
25440738065
446355734770
175315127099
798278803876
351351899208
872686565309
690426109546
409040236558
523648832692
408090776860
968448073770
738045386925
991119107450
315288833325
310961262994
645109109146
954796094325
457084052977
851411880390
967371832924
532917084532
353474271491
547125597990
582096354816
409803626501
102424564032
126239243492
804678935430
609450226511
147848234983
257375088127
551641153772
316599930247
224131207593
633122667040
349530363255
423725628973
839948024010
591612727024
175501276259
407343508368
465853932326
673196434672
986519055590
820650431221
853911648391
430628958421
777891758096
141690700352
667328694039
245337395487
490200781413
533288683294
213752440880
224459187129
360298719442
787055272429
5033205991
826588093891
252246863627
544986200248
77505789687
937720733524
750526266451
229215075132
712542166206
24050931945
488524007068
947139630157
385038257244
473983200771
63054484547
868441083913
44435925592
612070987348
422257217093
736221879289
474656454134
246089761743
8248392651
860173178887
528033480180
171611683272
282963956738
574133329640
381597218495
658655942312
670710173352
555400132474
695365939821
345931957332
927524570616
597624325652
972720894098
547400182218
293586586357
677102132869
132693283894
23406020377
960474536204
665979260370
224671648443
930279672145
834492178388
185091271292
927387492142
580568419927
188713208518
356307350228
19608871777
196480359838
211309094344
163557883459
790882410154
195429770308
918110083390
863704530154
375284691849
128324300334
538557090410
617831912131
400922415440
882473082986
695497556841
671434277806
194069518311
33966175164
109791423842
213164519131
47200188592
850348002470
591818504773
415014971593
612316341617
67962318528
358016699711
762671661538
47829029760
892423363810
614696138521
365654531856
602633054022
881835661389
995018751702
696011240168
683729833581
735030598743
893280337879
444589905712
718747951341
62925455351
78233034384
385697026948
728284829853
823941274802
295914418626
307722996832
869290528165
230494890351
755880704278
217294686927
529937656045
405678776135
4969490825
672579496515
763163660407
776977535084
489194737211
177736206145
820537344370
52960469051
957735828322
581242993333
357120718175
84920072117
924807869757
263833982160
600969257143
595819101122
894720049139
389159410363
332310464594
986105026866
19216785312
144703734356
325017938644
722454806909
497555760671
778602533763
231072413909
888274347096
69686510947
764506684826
370852956145
348036014673
380771279294
669069456368
921092213651
224816415552
25428891340
491452649750
939501970990
930683296450
763583774453
47781057329
100216180202
905855049605
208526143734
839772858364
800441006016
560865249414
867177927421
654010671756
696179972506
979125851734
782988881812
352798048538
273388883218
966635343002
924097812478
988697253100
676859160352
908567883798
507661729636
407655076643
304126759870
663364933371
412153391841
243559655953
597766344686
160584054881
172214930095
262508782678
586684766262
92254890518
695103483783
989319543495
971828903224
927208643852
175038260624
339093978657
856254922708
971332899178
448022605727
220679036343
631723359614
884361343035
737972827773
964809457530
991990389161
743854692175
644024460862
393504529054
377481283157
976955928379
917133044989
320875439486
997965613796
884326359668
924217186097
873396272955
395947920583
740619801598
457059271738
747257310003
380224801639
825750077977
376367246580
165000887424
510343793709
524197750319
925642730218
366798898293
75728041786
584439024062
442481721802
872485993023
476622066750
765590785240
123508341687
677195318989
591942372581
435936410399
454584726925
75266679161
164040544942
632224050426
447198419837
367172690376
982831736929
414816903674
277058282367
657691426102
377994626399
931867777811
74210929178
579117821813
850546961109
694382876986
767684554886
506852659423
839253546773
70703454535
582194576232
679358399625
442262335620
882720543644
48763101281
25622843524
966406221957
212472272563
971959594792
514556454653
334209637725
483192508595
892010718592
765050081869
790798817075
249033335219
517696984107
868217160846
222706722686
792473208546
464489932135
631835233450
444151444225
863038055970
350750108796
63487999275
625635349773
255246490172
738568545154
74685912007
363757831877
568175199445
191047358013
247333419395
840718228311
717682715824
972667368617
777832989578
191798014338
986705666145
563039797613
251489100345
197488416677
556557012669
558282496863
920591693922
834365955476
395927490303
471872000039
844420725831
854081662284
187969637279
618164427154
154217685759
6667410285
773583107996
546905869573
928789559217
107140014683
353802579547
589727313450
721556248605
494189406515
699038386120
750442321592
887841254593
566707205958
886284256067
137043298259
935507655888
711616185323
424301861036
938190046877
431600000314
688392433893
851853041228
114111401753
489052911691
108151719033
548402307949
747336898088
906258147450
928251811742
934629480784
562382436270
668638979855
891408119663
551403515283
555282904138
6153698306
66982667472
247390321340
715980972438
705950426133
418103559690
51824807660
479146999072
266572543399
569546362147
653529230986
466499964946
700414178145
718191549082
450182674144
5479455749
134534227370
17001339850
229526286954
653056684395
89608103429
141991572445
878470469411
694465900555
551725704482
591533245697
76559379463
866491920125
25654054537
132038388641
209605487030
456998362281
622535475407
686960852472
622923750465
62694640250
543608344465
137066671857
620250751516
505511737135
847205659888
832084680999
283487380442
254904675071
752668025790
545444444892
452024972102
836831901658
638687205056
539014906677
791872580504
923154406471
973530710921
581518816997
245341885877
946110929344
198274125701
507205608728
730538754793
781167162068
812819035074
912453999955
777208353333
508420629790
37143903166
661689894620
325833290569
257440799844
714918679267
534974342089
716964023856
246184147537
826123961956
426537659193
614562479435
374427557368
5319971445
642837017951
403163466422
820181063165
677149763040
556002479196
478907598530
855547506481
487225522969
329390969694
176799124268
103237793952
353547750457
171438904711
421020687542
741873958092
369355987547
888576012708
759711836538
893363349996
550523025515
301830445800
84365604417
779079334603
704582422826
167493894657
157315795873
290550091475
68479665940
400956989778
419336765237
42692881682
230072207990
451765734126
954219245404
50393374880
288326680965
405077713889
796794989777
550343967975
125261357620
22098627499
845942569025
530138371195
844665973746
528463055264
674773127044
573299834542
390319544515
441533942814
613870339768
748375707971
871048467984
313972917021
560924525219
568512576000
495251945702
126844675029
149410456672
979518758464
449494050564
316164413912
41908439807
309381293377
501339191604
348496580027
568689190041
185461374067
458980992848
461734232088
869079794538
989686827000
804919529307
542776411558
540695837717
853541337774
186080586580
39142570119
600012839844
84097596163
162761165735
849931989122
204863444455
936474952597
819406347968
772664891680
809879285172
122488106759
539829739811
194241175997
336557218183
49503224445
88952631663
619148651595
615436545169
259897183027
885548318367
296170180407
328075673222
727938491585
856926142985
850454667120
204027783031
486575787315
751966576211
327102099307
464509196853
256653559
521767565866
327730929501
623772024281
69390367290
