882
7957611
3197427
7830020
833735
7839337
2636554
4924370
3957552
409713
4985052
2257878
361152
9755687
5833582
7517533
7229386
8400460
5893557
8834930
6531499
569834
8088215
2801333
2013901
8708293
1010009
7777191
3419766
9138037
8309398
822456
5618822
6627175
9883438
4202553
1401980
1929262
5157756
6929855
6348276
6810470
72269
2229397
5671954
5475871
6138845
3315104
1821363
9820489
594096
7161852
9680090
1699187
969224
152933
9712277
9455428
6139990
6223158
8873214
7174844
5655867
4276759
4011636
9695736
871011
1677349
277423
5513271
7992469
4137212
8994329
984060
2700265
446673
1484864
7334257
8767472
4783622
6219149
9722450
6324617
5805425
5917488
2562125
1719480
3133511
7235884
8561752
5651623
2324103
7301713
2497242
2794633
290948
1190003
3452909
4881253
5415295
6794632
7700488
6347634
2331394
9504737
2650127
8326580
2017172
4679451
9792610
5765328
8122249
3624002
2658405
4946444
2284871
2461750
9607146
4123010
4269822
8159108
6881854
6030168
8953809
6833653
5886096
1792378
6679716
6333186
1283909
9136401
8151478
359176
6448073
2649404
1510749
8746062
7959891
4941988
3302558
6830097
9813707
6984038
6192322
545488
4222292
6942165
4418890
8508474
2806038
7717926
7019014
2812252
923623
1331857
1990453
2874432
8822402
9220462
1354391
994723
6624509
8509616
7275398
453839
1300906
7063972
6480394
7886443
8535422
2648265
3084606
7750919
1195659
1100897
6801347
6785482
1369403
4249497
1031932
5835931
796010
5665464
7746215
1302857
8386254
1891796
9744495
1200254
5338695
7615640
6564880
8600846
1918029
7951189
1094658
2330568
3494478
827221
8654005
7338078
6970254
7032344
7617210
7574121
6706811
3629523
3410755
203890
484848
8619997
7858448
9133990
3157513
3090054
7838377
6717861
9410091
9241482
9825357
539103
6712053
2470852
5221274
1622754
7022893
884575
8536914
7748386
5784839
3616016
4039631
3227223
3827855
6537337
4676932
2512812
1697629
6664483
8227912
5723770
3472085
7643358
1882119
3945955
3130515
5696594
54669
3273688
1443624
453868
4630438
7731269
7474964
5867208
8660454
8087803
7878730
2343786
5422640
8096006
5577208
688001
7778443
7944494
8309328
135320
6358582
9794374
3083890
1802497
5174425
8581770
7512634
2583862
4625305
3218162
1605528
9739863
9027342
934580
4881891
9669676
623686
189205
2954657
3481721
7490464
5655195
4238767
6612588
7447700
1157009
8096790
1854851
1609419
5036813
6618641
5649649
8321677
4249605
4626307
6530414
9108035
4062129
370134
6030859
7133447
4738665
3026317
9819884
4674522
1820617
9543466
1534193
3603103
2818523
2161170
4839612
6498673
9692601
588251
137461
3987008
3280589
3788156
3645597
19139
7565257
9395603
6925729
4990318
3299215
1187308
3116272
5130713
3569370
6564738
4975818
199583
6386793
7862416
313430
898264
4849905
73725
6022193
9295518
6251823
5108213
7853355
90648
1432793
4040350
5731808
8175880
4559251
2726231
852743
7852029
5197498
9254629
6830400
5063759
8364208
9138839
3220679
3212837
8842827
4122178
4984078
1275470
5172243
6016466
2032473
5919915
2607851
1353196
1287764
9256735
432141
9208013
712174
4939927
2345400
9117249
5832967
6478574
1145569
1890602
1290264
2389998
3524998
3098958
3447739
5250211
7602455
8883297
5461317
2360242
8490069
1882728
9762105
8732384
4807633
440850
3803852
9783388
7582609
413096
3356645
2163517
6743551
8297102
9563907
9365490
1298017
5967589
5730945
6815749
2854051
5718683
6680302
5746608
9237498
6078359
3683347
8624901
2168687
3820458
8575767
7569462
9578318
9572132
9389152
3689146
8856933
6867196
3518836
1653425
9438566
2533110
5726197
3543662
8571156
254352
2391547
902093
3677987
3368075
853485
5451667
6529023
7446414
3237054
8402628
7848388
3223625
4116168
9176873
4227346
9616119
3189474
8281632
9894892
6619443
7120016
7115766
9095041
2639414
546369
8781193
8182392
9021809
5743818
2148629
7545112
7110017
7162769
9241766
90368
3981190
9355245
9361232
5427367
1781485
8150128
883840
8852769
3714635
9890336
8220523
333041
2066864
958878
9245620
6051121
4923718
3485534
2245147
2417658
1729017
728163
5503492
6569348
1603800
380364
1363624
8195909
2084834
2868190
6732158
7712050
5481796
1441129
1642720
8442668
9477468
8681043
3470213
540708
800966
8463362
76596
8618557
1673836
8834868
6806872
6325399
4053298
7890576
4829969
460585
5276202
2673257
8226605
800945
2551915
2389690
9300848
7919126
3100663
5226242
5189824
1878832
3959797
8243259
2241227
5908203
4415668
1351512
3269221
7914617
5550392
3348567
4563713
8055501
9110064
850213
2737812
1963568
5037470
8065119
5406355
3934853
8597085
7561299
2002137
4584062
7328674
5129215
3423766
1225766
8504923
2155703
9290129
5652186
108913
1157926
592814
5134205
3818992
3228453
2257169
6505128
622812
8779801
7775741
6179608
2180348
2724448
7600951
2245413
2351762
4557254
8624884
7481937
3861523
7639237
7926724
7873669
7006558
7508989
5350666
4787109
8778413
7093903
6469728
1019237
8937470
180407
3165518
3349508
3934251
4506785
79507
1534427
661483
2567643
8162019
6763556
7391313
3927088
1082939
1401531
6603458
4751282
6548598
7227095
2532302
1413299
3250124
6025585
1922760
4564596
4318183
4894973
7348153
8450093
5304436
3035394
9040950
8346521
5689231
504005
1616223
1048071
1671072
7909291
4372175
6439749
3757296
1162461
4215187
1409799
5641080
8401446
413068
8758242
613727
2800435
1783786
5470369
4487648
444322
665130
3721368
7031856
2590602
5677544
1815890
7666468
2975019
2938722
8666222
2515036
9164561
7014269
2299107
1006693
3814618
92360
5110048
7052535
1187326
1515113
4023688
6414609
1928329
7361052
9292640
4776239
3940454
3403520
5591516
7866679
8639958
3719052
4974764
448443
432552
8463522
3412626
9630868
111127
167049
7790120
5853104
2279897
3580720
5301587
6240899
59263
851795
9510419
5972932
9912936
2554325
1030478
6216183
482617
5956964
8601674
2488551
2645981
5800254
4457795
1611112
4288513
5613538
5898902
2751330
5812134
186203
4212730
6676889
3047100
3268613
4534986
8959753
712632
2222579
851864
3205653
3469358
3800537
5947591
9933538
5035175
9759616
379709
4024111
962852
2872546
6704587
8370521
5862326
9950404
9104487
2428725
7063466
4908794
8517253
1594031
2540771
1117891
350774
8770557
6190591
5484299
2366149
5711846
3101549
3403956
2293042
4052372
6672743
4069834
8228602
584331
8220497
8476301
8635615
2312542
6773943
8749199
6244000
8659947
24535
1276875
9048499
5306431
3267342
5789543
5531974
5263427
7560053
2760101
1893717
2825806
1040436
9902753
303287
3412754
6678240
1817254
5436289
991880
4477843
1961196
1604882
4090364
3699422
2671178
1158036
5163249
7750272
4229180
6991078
2587686
5172258
7294521
5032729
8320761
5670017
6020228
6636292
9974078
1485048
2625094
3322382
2157522
7847514
9855740
8355792
6017364
4803734
3818195
9429592
8625554
8228314
6895394
6536709
2411668
8851879
2924530
6237493
447832
5881952
6515656
8015669
623888
8571107
8172294
6564434
1622570
5525135
6671352
6648142
6563979
2879391
8076014
9403081
2606499
9493812
9553067
1962698
1181800
8520969
5064524
8315728
5808746
5728229
5478416
3932277
8577793
8441112
6226466
9812455
5921244
7655540
2672883
6349237
