839
167
191
286
807
870
268
231
44
849
132
106
326
961
604
323
940
55
596
978
924
546
779
608
448
214
804
502
855
424
510
371
151
557
174
70
581
810
515
665
137
558
404
699
705
537
317
527
57
118
567
737
499
117
153
489
846
722
136
317
28
160
792
548
786
288
56
420
548
989
383
539
751
425
626
854
551
442
360
609
860
380
401
439
745
722
384
448
64
437
823
835
590
714
786
653
48
408
490
859
135
276
140
279
733
530
677
585
548
360
813
344
215
946
931
985
709
818
920
875
392
439
938
571
429
892
52
892
127
656
63
162
460
563
17
647
202
915
893
783
111
513
798
858
635
500
225
66
638
153
573
854
128
489
553
133
685
629
346
64
563
365
831
171
457
326
845
674
2
602
91
131
571
212
795
267
200
485
338
306
246
412
399
648
945
2
386
290
900
548
91
831
26
442
650
239
844
154
778
851
758
755
234
110
622
255
390
403
430
163
363
412
764
612
929
549
319
154
444
935
563
867
131
920
424
997
122
448
115
422
66
860
862
83
722
199
625
516
249
886
198
461
176
453
73
246
437
266
304
61
419
413
44
973
334
669
203
607
859
531
272
643
711
667
835
379
723
162
885
817
887
389
856
13
659
256
659
660
845
689
792
328
962
546
922
56
381
535
364
907
248
849
236
301
454
86
849
943
841
877
376
834
128
482
120
735
122
762
88
726
453
540
947
539
255
879
908
324
394
795
702
734
322
538
692
104
339
632
945
27
389
565
445
817
640
247
348
802
634
444
273
730
31
583
547
731
310
415
829
892
562
598
862
287
793
183
519
880
521
335
352
504
989
901
777
797
461
822
743
259
520
266
935
561
193
501
555
571
463
730
17
328
666
768
834
509
758
317
136
80
969
999
973
143
451
366
329
675
832
29
731
35
172
558
358
72
752
847
303
769
519
59
692
517
967
713
507
882
35
177
490
724
484
753
398
325
146
279
423
620
409
166
589
499
194
86
712
112
88
541
739
246
676
882
379
288
181
64
214
488
642
485
107
422
689
331
130
859
985
952
725
25
433
736
427
802
231
991
634
517
200
618
106
148
272
473
264
408
720
489
162
798
666
742
858
566
750
913
69
497
777
70
386
219
703
821
410
695
438
460
91
558
798
116
702
647
284
470
298
115
830
955
104
738
747
860
580
757
886
792
83
409
631
952
912
210
518
686
262
170
836
476
280
115
559
174
939
393
482
232
900
383
40
700
203
821
624
836
545
943
633
435
576
461
746
461
738
612
600
498
469
362
318
632
335
357
97
52
250
20
772
978
482
837
735
60
985
229
589
200
390
11
449
413
155
316
175
198
567
345
949
567
607
828
501
312
286
29
161
577
386
881
920
386
12
164
523
711
160
626
485
482
622
41
468
835
427
538
652
32
468
988
4
374
799
916
434
589
282
524
46
707
179
298
66
769
826
322
277
891
160
685
526
234
506
839
185
865
394
119
317
832
616
768
45
113
579
295
150
609
937
346
294
597
196
524
476
560
113
866
781
415
318
602
59
311
319
136
842
226
793
512
537
879
817
123
800
497
173
306
813
723
372
425
175
462
407
574
157
993
81
697
188
422
627
820
407
990
101
633
781
544
513
502
337
894
570
104
474
813
831
327
785
478
637
707
742
974
984
548
35
240
824
8
833
921
165
963
329
886
756
170
377
303
896
103
907
860
295
57
559
846
710
584
239
11
25
788
470
805
420
538
145
843
859
220
30
133
988
16
113
822
640
134
554
105
179
7
153
264
787
1
741
48
282
461
925
132
643
216
754
375
82
802
675
61
814
19
830
492
36
201
383
840
190
766
758
707
505
299
775
369
815
776
324
306
151
642
31
658
544
608
50
734
740
203
771
845
649
274
818
259
91
861
851
806
663
449
23
987
