100
1 1 1 131072 1 1 8192 16769022 1 -16760831 1 8380415 -8314880 49150 16386 2097152 -2375680 1 196607 -65529 -131015 409536 114686 1081745410 -1048576000 33554432 -66834432 -118786 -2139250686 2138955844 16916411 -16588801 201138178 1 134217727 -335354882 97282 1073315908 328634 -1073644534 8 -425920 556984 1073185340 -1073328644 274376 536182856 1 -534085705 -2456585 -197376 282497 131008 -412993 67108864 1006502725 -536872433 67108861 -603172880 536064083 -536542292 603655185 127663 4066641 -607621160 8 737772239 -737260223 611303440 58716160 -2210394112 1539862624 -1535668320 4194304 264241152 4 4 1284140976 1 1023 -17036168 607748050 -590710857 653883463 -670273552 16393160 594967624 -2214522960 79556688 1522966576 612523984 -1074331648 1132752896 -2272419920 1156444240 -1061158912 2210689024 -1015312384 -1223553104 -1183663 
101
64 89
4 45
41 65
55 63
2 83
14 52
3 62
21 64
4 23
21 35
37 62
73 84
11 50
41 81
69 95
73 82
31 74
25 96
16 80
57 98
9 79
10 41
11 73
31 59
74 94
9 51
34 54
2 82
44 63
38 41
14 31
18 61
43 87
1 55
12 21
96 99
6 18
27 38
76 94
50 57
7 86
41 59
40 41
42 83
2 82
19 30
37 93
79 91
46 77
79 97
56 74
73 96
32 77
54 99
26 55
2 13
60 61
1 51
92 98
81 98
73 98
28 64
17 35
12 43
21 61
7 17
1 94
71 87
32 85
23 57
25 40
1 67
18 84
81 98
9 79
79 79
5 77
10 43
22 86
19 82
7 25
96 98
25 83
56 67
68 90
6 12
13 76
6 94
4 94
1 75
52 81
56 79
22 57
66 76
8 84
12 58
8 52
8 32
35 75
2 86
63 95
