100
1 1 1 1 1 1 1 1 1 1 1 1 1 1 1 1 1 1 1 1 1 1 1 1 1 1 1 1 1 1 1 1 1 1 1 1 1 1 1 1 1 1 1 1 1 1 1 1 1 1 1 1 1 1 1 1 1 1 1 1 1 1 1 1 1 1 1 1 1 1 1 1 1 1 1 1 1 1 1 1 1 1 1 1 1 1 1 1 1 1 1 1 1 1 1 1 1 1 1 1 
102
8 67
23 27
21 60
56 57
15 73
2 7
6 22
2 14
15 75
13 92
87 95
14 45
2 36
55 89
5 62
14 67
36 69
29 94
49 55
28 82
63 86
27 66
9 26
23 79
1 90
15 93
27 75
11 38
26 27
64 87
29 77
55 97
12 49
24 66
6 97
58 91
18 92
22 98
41 99
19 41
34 89
33 64
58 70
72 83
36 95
22 70
14 23
20 25
43 69
64 88
47 79
20 37
42 94
35 35
41 53
28 73
6 84
42 89
59 74
23 67
91 95
7 88
6 14
29 83
17 49
47 93
65 93
30 87
7 64
20 45
15 92
70 99
57 96
39 70
16 62
11 37
23 53
15 66
29 43
47 75
57 92
50 68
57 97
37 61
54 59
6 73
47 75
41 72
10 30
11 45
45 71
24 54
67 68
87 93
12 35
66 68
27 36
17 81
33 51
42 89
6 47
50 63
