100
1 1 1 1 131072 1 1 1 1 16777212 -16777148 1 63 16777153 -16646213 1 8257538 -8388606 32765 16 32818 69565 1073606660 -1073602564 1140711428 -1124073474 -16711103 16711104 1 255 256 -16744930 1048576 1206878179 -1207959297 1207959329 -1073741861 -117432320 521166882 -537427934 -491522 32768 1207894019 1 4194271 -1211957284 16580680 -16252805 4096 4096 3727230 12779714 1190920193 8388384 -1199570652 524219 536608768 -537133311 -16514817 1216085921 -1199562588 -4137223 37683139 1161822242 -1195359966 -16597304 16 2097136 1239220244 -1174208516 -2214526749 2159869886 4178055 117587672 -117587640 -2164047972 3657170720 -293600256 -1199522460 33505404 -33505340 128 800 -16565345 1778122525 -1777073949 15662857 -146632 8535240 1484595220 -1492901596 32896 -260192 -12372065 12861505 1073741824 -939753344 133957536 -201328160 1426029788 
102
21 44
19 81
59 60
20 80
48 52
47 75
35 86
52 57
21 91
68 80
23 56
22 23
42 78
86 94
27 73
8 45
15 88
61 74
41 46
93 93
66 90
38 74
1 95
21 27
84 92
40 98
15 20
62 92
54 61
77 85
27 84
28 39
71 89
13 17
6 30
8 21
45 69
69 94
19 38
23 88
9 84
23 62
4 22
14 65
75 88
48 99
72 76
38 41
50 65
57 92
53 62
13 22
6 8
45 89
22 75
31 65
26 59
51 61
47 64
21 26
52 73
20 23
47 56
12 63
6 19
5 57
15 80
76 85
18 65
31 40
38 93
68 95
19 19
56 64
79 83
33 84
2 52
53 97
15 57
9 61
11 33
11 18
24 93
41 96
25 57
78 92
18 46
37 87
43 65
46 98
22 82
72 76
30 81
39 69
44 75
74 99
17 84
8 84
8 80
46 62
5 23
23 55
