2500
1 1 1 1 1 1 1 1 1 1 1 1 1 1 1 1 1 1 1 1 1 1 1 1 1 1 1 1 1 1 1 1 1 1 1 1 1 1 1 1 1 1 1 1 1 1 1 1 1 1 1 1 1 1 1 1 1 1 1 1 1 1 1 1 1 1 1 1 1 1 1 1 1 1 1 1 1 1 1 1 1 1 1 1 1 1 1 1 1 1 1 1 1 1 1 1 1 1 1 1 1 1 1 1 1 1 1 1 1 1 1 1 1 1 1 1 1 1 1 1 1 1 1 1 1 1 1 1 1 1 1 1 1 1 1 1 1 1 1 1 1 1 1 1 1 1 1 1 1 1 1 1 1 1 1 1 1 1 1 1 1 1 1 1 1 1 1 1 1 1 1 1 1 1 1 1 1 1 1 1 1 1 1 1 1 1 1 1 1 1 1 1 1 1 1 1 1 1 1 1 1 1 1 1 1 1 1 1 1 1 1 1 1 1 1 1 1 1 1 1 1 1 1 1 1 1 1 1 1 1 1 1 1 1 1 1 1 1 1 1 1 1 1 1 1 1 1 1 1 1 1 1 1 1 1 1 1 1 1 1 1 1 1 1 1 1 1 1 1 1 1 1 1 1 1 1 1 1 1 1 1 1 1 1 1 1 1 1 1 1 1 1 1 1 1 1 1 1 1 1 1 1 1 1 1 1 1 1 1 1 1 1 1 1 1 1 1 1 1 1 1 1 1 1 1 1 1 1 1 1 1 1 1 1 1 1 1 1 1 1 1 1 1 1 1 1 1 1 1 1 1 1 1 1 1 1 1 1 1 1 1 1 1 1 1 1 1 1 1 1 1 1 1 1 1 1 1 1 1 1 1 1 1 1 1 1 1 1 1 1 1 1 1 1 1 1 1 1 1 1 1 1 1 1 1 1 1 1 1 1 1 1 1 1 1 1 1 1 1 1 1 1 1 1 1 1 1 1 1 1 1 1 1 1 1 1 1 1 1 1 1 1 1 1 1 1 1 1 1 1 1 1 1 1 1 1 1 1 1 1 1 1 1 1 1 1 1 1 1 1 1 1 1 1 1 1 1 1 1 1 1 1 1 1 1 1 1 1 1 1 1 1 1 1 1 1 1 1 1 1 1 1 1 1 1 1 1 1 1 1 1 1 1 1 1 1 1 1 1 1 1 1 1 1 1 1 1 1 1 1 1 1 1 1 1 1 1 1 1 1 1 1 1 1 1 1 1 1 1 1 1 1 1 1 1 1 1 1 1 1 1 1 1 1 1 1 1 1 1 1 1 1 1 1 1 1 1 1 1 1 1 1 1 1 1 1 1 1 1 1 1 1 1 1 1 1 1 1 1 1 1 1 1 1 1 1 1 1 1 1 1 1 1 1 1 1 1 1 1 1 1 1 1 1 1 1 1 1 1 1 1 1 1 1 1 1 1 1 1 1 1 1 1 1 1 1 1 1 1 1 1 1 1 1 1 1 1 1 1 1 1 1 1 1 1 1 1 1 1 1 1 1 1 1 1 1 1 1 1 1 1 1 1 1 1 1 1 1 1 1 1 1 1 1 1 1 1 1 1 1 1 1 1 1 1 1 1 1 1 1 1 1 1 1 1 1 1 1 1 1 1 1 1 1 1 1 1 1 1 1 1 1 1 1 1 1 1 1 1 1 1 1 1 1 1 1 1 1 1 1 1 1 1 1 1 1 1 1 1 1 1 1 1 1 1 1 1 1 1 1 1 1 1 1 1 1 1 1 1 1 1 1 1 1 1 1 1 1 1 1 1 1 1 1 1 1 1 1 1 1 1 1 1 1 1 1 1 1 1 1 1 1 1 1 1 1 1 1 1 1 1 1 1 1 1 1 1 1 1 1 1 1 1 1 1 1 1 1 1 1 1 1 1 1 1 1 1 1 1 1 1 1 1 1 1 1 1 1 1 1 1 1 1 1 1 1 1 1 1 1 1 1 1 1 1 1 1 1 1 1 1 1 1 1 1 1 1 1 1 1 1 1 1 1 1 1 1 1 1 1 1 1 1 1 1 1 1 1 1 1 1 1 1 1 1 1 1 1 1 1 1 1 1 1 1 1 1 1 1 1 1 1 1 1 1 1 1 1 1 1 1 1 1 1 1 1 1 1 1 1 1 1 1 1 1 1 1 1 1 1 1 1 1 1 1 1 1 1 1 1 1 1 1 1 1 1 1 1 1 1 1 1 1 1 1 1 1 1 1 1 1 1 1 1 1 1 1 1 1 1 1 1 1 1 1 1 1 1 1 1 1 1 1 1 1 1 1 1 1 1 1 1 1 1 1 1 1 1 1 1 1 1 1 1 1 1 1 1 1 1 1 1 1 1 1 1 1 1 1 1 1 1 1 1 1 1 1 1 1 1 1 1 1 1 1 1 1 1 1 1 1 1 1 1 1 1 1 1 1 1 1 1 1 1 1 1 1 1 1 1 1 1 1 1 1 1 1 1 1 1 1 1 1 1 1 1 1 1 1 1 1 1 1 1 1 1 1 1 1 1 1 1 1 1 1 1 1 1 1 1 1 1 1 1 1 1 1 1 1 1 1 1 1 1 1 1 1 1 1 1 1 1 1 1 1 1 1 1 1 1 1 1 1 1 1 1 1 1 1 1 1 1 1 1 1 1 1 1 1 1 1 1 1 1 1 1 1 1 1 1 1 1 1 1 1 1 1 1 1 1 1 1 1 1 1 1 1 1 1 1 1 1 1 1 1 1 1 1 1 1 1 1 1 1 1 1 1 1 1 1 1 1 1 1 1 1 1 1 1 1 1 1 1 1 1 1 1 1 1 1 1 1 1 1 1 1 1 1 1 1 1 1 1 1 1 1 1 1 1 1 1 1 1 1 1 1 1 1 1 1 1 1 1 1 1 1 1 1 1 1 1 1 1 1 1 1 1 1 1 1 1 1 1 1 1 1 1 1 1 1 1 1 1 1 1 1 1 1 1 1 1 1 1 1 1 1 1 1 1 1 1 1 1 1 1 1 1 1 1 1 1 1 1 1 1 1 1 1 1 1 1 1 1 1 1 1 1 1 1 1 1 1 1 1 1 1 1 1 1 1 1 1 1 1 1 1 1 1 1 1 1 1 1 1 1 1 1 1 1 1 1 1 1 1 1 1 1 1 1 1 1 1 1 1 1 1 1 1 1 1 1 1 1 1 1 1 1 1 1 1 1 1 1 1 1 1 1 1 1 1 1 1 1 1 1 1 1 1 1 1 1 1 1 1 1 1 1 1 1 1 1 1 1 1 1 1 1 1 1 1 1 1 1 1 1 1 1 1 1 1 1 1 1 1 1 1 1 1 1 1 1 1 1 1 1 1 1 1 1 1 1 1 1 1 1 1 1 1 1 1 1 1 1 1 1 1 1 1 1 1 1 1 1 1 1 1 1 1 1 1 1 1 1 1 1 1 1 1 1 1 1 1 1 1 1 1 1 1 1 1 1 1 1 1 1 1 1 1 1 1 1 1 1 1 1 1 1 1 1 1 1 1 1 1 1 1 1 1 1 1 1 1 1 1 1 1 1 1 1 1 1 1 1 1 1 1 1 1 1 1 1 1 1 1 1 1 1 1 1 1 1 1 1 1 1 1 1 1 1 1 1 1 1 1 1 1 1 1 1 1 1 1 1 1 1 1 1 1 1 1 1 1 1 1 1 1 1 1 1 1 1 1 1 1 1 1 1 1 1 1 1 1 1 1 1 1 1 1 1 1 1 1 1 1 1 1 1 1 1 1 1 1 1 1 1 1 1 1 1 1 1 1 1 1 1 1 1 1 1 1 1 1 1 1 1 1 1 1 1 1 1 1 1 1 1 1 1 1 1 1 1 1 1 1 1 1 1 1 1 1 1 1 1 1 1 1 1 1 1 1 1 1 1 1 1 1 1 1 1 1 1 1 1 1 1 1 1 1 1 1 1 1 1 1 1 1 1 1 1 1 1 1 1 1 1 1 1 1 1 1 1 1 1 1 1 1 1 1 1 1 1 1 1 1 1 1 1 1 1 1 1 1 1 1 1 1 1 1 1 1 1 1 1 1 1 1 1 1 1 1 1 1 1 1 1 1 1 1 1 1 1 1 1 1 1 1 1 1 1 1 1 1 1 1 1 1 1 1 1 1 1 1 1 1 1 1 1 1 1 1 1 1 1 1 1 1 1 1 1 1 1 1 1 1 1 1 1 1 1 1 1 1 1 1 1 1 1 1 1 1 1 1 1 1 1 1 1 1 1 1 1 1 1 1 1 1 1 1 1 1 1 1 1 1 1 1 1 1 1 1 1 1 1 1 1 1 1 1 1 1 1 1 1 1 1 1 1 1 1 1 1 1 1 1 1 1 1 1 1 1 1 1 1 1 1 1 1 1 1 1 1 1 1 1 1 1 1 1 1 1 1 1 1 1 1 1 1 1 1 1 1 1 1 1 1 1 1 1 1 1 1 1 1 1 1 1 1 1 1 1 1 1 1 1 1 1 1 1 1 1 1 1 1 1 1 1 1 1 1 1 1 1 1 1 1 1 1 1 1 1 1 1 1 1 1 1 1 1 1 1 1 1 1 1 1 1 1 1 1 1 1 1 1 1 1 1 1 1 1 1 1 1 1 1 1 1 1 1 1 1 1 1 1 1 1 1 1 1 1 1 1 1 1 1 1 1 1 1 1 1 1 1 1 1 1 1 1 1 1 1 1 1 1 1 1 1 1 1 1 1 1 1 1 1 1 1 1 1 1 1 1 1 1 1 1 1 1 1 1 1 1 1 1 1 1 1 1 1 1 1 1 1 1 1 1 1 1 1 1 1 1 1 1 1 1 1 1 1 1 1 1 1 1 1 1 1 1 1 1 1 1 1 1 1 1 1 1 1 1 1 1 1 1 1 1 1 1 1 1 1 1 1 1 1 1 1 1 1 1 1 1 1 1 1 1 1 1 1 1 1 1 1 1 1 1 1 1 1 1 1 1 1 1 1 1 1 1 1 1 1 1 1 1 1 1 1 1 1 1 1 1 1 1 1 1 1 1 1 1 1 1 1 1 1 1 1 1 1 1 1 1 1 1 1 1 1 1 1 1 1 1 1 1 1 1 1 1 1 1 1 1 1 1 1 1 1 1 1 1 1 1 1 1 1 1 1 1 1 1 1 1 1 1 1 1 1 1 1 1 1 1 1 1 1 1 1 1 1 1 1 1 1 1 1 1 1 1 1 1 1 1 1 1 1 1 1 1 1 1 1 1 1 1 1 1 1 1 1 1 1 1 1 1 1 1 1 1 1 1 1 1 1 1 1 1 1 1 1 1 1 1 1 1 1 1 1 1 1 1 1 1 1 1 1 1 1 1 1 1 1 1 1 1 1 1 1 1 1 1 1 1 1 1 1 1 1 1 1 1 1 1 1 1 1 1 1 1 1 1 1 1 1 1 1 1 1 1 1 1 1 1 1 1 1 1 1 1 1 1 1 1 1 1 1 1 1 1 1 1 1 1 1 1 1 1 1 1 1 1 1 1 1 1 1 1 1 1 1 1 1 1 1 1 1 1 1 1 1 1 1 1 1 1 1 1 1 1 1 1 1 1 1 1 1 1 1 1 1 1 1 1 1 1 1 1 1 1 1 1 1 
2518
125 1064
805 1490
969 1397
73 2197
1224 2184
1353 1448
69 1687
724 1352
1080 2213
1702 1815
1381 2212
2195 2290
329 667
1293 1944
759 1707
890 2285
398 2380
590 1366
662 792
578 2016
346 2025
384 2032
1609 1736
189 257
964 1958
191 1518
354 1213
197 2480
1273 1879
1086 1655
46 1546
386 1944
976 1940
325 2246
418 1152
1013 1762
1661 2442
545 1066
316 412
890 1254
1788 2286
1080 1656
999 1061
1368 2393
523 1848
410 494
83 880
1868 2022
1370 2192
22 1769
110 546
1034 2067
1094 1721
633 1647
924 1402
37 2227
1117 1188
1383 1702
251 1692
555 1595
289 1603
371 964
332 1997
867 1908
25 692
889 2148
752 1437
1715 2473
1863 2045
470 1135
765 1172
197 1467
1094 1803
510 669
860 1778
1064 1148
397 2028
1033 2393
441 2359
761 1898
647 1164
1399 1547
277 2115
887 1661
1654 2021
1645 1933
208 1356
901 2010
1084 1964
20 324
1084 2377
274 986
127 2019
2181 2485
442 1974
122 1884
446 1120
736 1035
237 1436
1891 1911
571 957
1165 1324
1926 2224
190 905
324 2224
201 1229
808 2214
449 2488
1248 2169
434 723
1832 2126
359 746
908 2277
15 996
2343 2421
315 1420
244 492
994 1932
1184 1983
338 2306
908 1081
1230 2021
310 2009
1558 1678
1626 1678
819 2280
959 2153
251 1080
561 2075
265 2418
1512 1684
1518 2247
742 1443
466 926
803 1440
732 2347
253 1398
592 1707
1776 1784
469 765
60 910
1288 1383
1727 2367
1634 1802
1413 1457
469 1720
598 1468
1502 1555
1724 1967
664 2480
227 2284
26 1182
617 2493
389 1769
669 1915
1752 2339
540 728
1223 2455
357 2421
1379 1757
493 1769
1362 1881
364 1475
699 936
431 1845
1362 1629
657 1387
311 650
215 2003
933 1933
883 1186
772 1125
1240 1509
595 1162
1865 1867
650 2055
432 2359
1334 2045
311 2496
1547 2155
409 427
599 1285
1110 1795
763 813
1324 2211
1721 1745
897 2031
2136 2361
456 1041
313 2420
2322 2367
85 1696
300 2130
45 125
1591 1641
1582 2279
1064 1514
809 2180
2174 2458
513 1136
2169 2395
81 2234
1610 1927
468 1731
2044 2065
388 1403
473 1426
114 1240
2117 2173
773 1364
1144 1264
2293 2354
1550 1722
602 1396
1253 1508
1177 1424
673 1148
575 772
3 2282
557 1362
460 2046
265 488
447 2393
64 1727
107 2066
345 836
205 1250
138 472
255 1754
762 1383
1507 2321
155 1453
494 2224
245 276
801 1742
1288 1637
1260 1417
1290 1706
33 1310
391 1284
139 1634
735 1388
388 1839
608 1374
642 2271
1370 1663
1607 2337
1332 2100
1576 1577
819 1890
543 2377
652 1621
412 1959
284 1873
172 444
97 189
438 1321
175 999
825 1887
782 981
1659 1666
144 281
1019 1476
96 2381
67 1771
429 2443
1828 2049
111 1287
1498 1975
1085 1933
1273 1669
490 2029
528 1711
664 2050
961 2415
532 1089
127 190
1145 1369
765 1180
755 1247
1183 2051
705 1379
248 330
2181 2222
281 1827
512 1171
215 1069
1001 2294
743 1180
173 1844
1890 2140
776 1781
1595 1659
275 427
696 1939
1036 1490
1256 1879
2126 2383
1585 2064
428 1363
2048 2345
429 939
1939 2263
21 223
134 2066
1788 2207
1457 2497
67 1070
1011 1656
341 1095
892 1706
600 2099
1983 2147
747 2240
619 1547
907 1174
167 2112
850 1944
1067 1072
1200 1964
639 1186
489 1610
1073 1183
1676 2354
1531 1598
319 949
549 2422
919 1584
32 659
1093 2331
792 1005
959 1515
618 2364
1199 2417
937 1882
1090 2398
83 2401
1266 2214
905 974
1120 2086
1583 2435
1873 2405
824 1646
957 1192
303 997
1789 2285
815 1308
1440 2262
194 2179
139 645
1076 2051
674 1249
963 1953
1939 2441
74 1867
1318 2028
1171 1448
318 691
1162 1786
283 1509
809 1465
1586 2287
863 1138
1227 1332
58 880
1133 1491
241 431
1806 1898
760 1203
86 1355
348 398
1403 1519
1845 2093
1131 1836
360 755
928 1734
684 2029
1521 1821
392 2262
168 449
642 1659
588 1097
403 1899
117 2000
678 855
202 1025
1252 1604
112 2058
712 909
982 1242
1269 1685
216 1952
1214 1737
788 1605
956 1499
1656 2054
115 651
1528 1758
568 1258
760 1644
1361 2113
380 1785
465 858
492 692
1248 1767
51 1673
433 1888
1517 1646
640 2304
752 1654
275 2320
389 810
68 2485
68 1431
91 1325
453 828
1451 2127
833 1430
485 839
1766 2121
1294 2086
1816 2034
198 348
837 1180
153 1446
427 2490
315 781
281 331
382 1276
349 1222
1176 1366
317 1674
318 2021
802 1747
360 1368
69 1961
1399 2177
1495 2374
175 1747
226 1414
217 1136
1355 1431
531 1200
428 1712
2060 2476
1342 1649
251 338
568 1174
421 2359
219 1369
952 1303
980 2179
689 1866
369 1113
379 595
27 1514
326 896
371 445
1671 2096
798 2072
1231 2446
429 1481
285 1602
1563 2158
2022 2447
341 2376
899 1571
265 835
1204 2259
138 892
433 1313
1166 1638
1126 1329
925 2008
297 2321
12 1043
440 2267
24 2066
1102 2042
1079 1724
1049 1116
934 1947
1769 2201
1475 1727
473 2133
1300 1613
67 2293
1395 2452
434 1960
731 1834
1360 1781
1064 1773
1311 1799
145 856
1384 2412
961 1450
2014 2383
1715 2423
1165 1652
690 1639
798 1817
439 864
1126 2405
1559 1773
622 1866
662 2289
1077 1981
796 1240
1385 1903
1330 1651
116 2283
1797 1806
1729 2499
527 1166
1216 2408
221 2320
49 2273
600 1174
2179 2372
1060 2247
495 1552
1721 1990
129 2476
286 1546
876 1452
377 659
1567 2182
1081 1970
926 2496
834 1762
727 1582
775 1054
1168 1355
549 1463
1041 1211
1050 1608
263 345
540 2405
321 341
1196 1452
1792 1828
374 1854
839 1510
970 2435
232 835
284 1561
852 1813
183 1851
814 2020
76 247
1854 2024
640 1801
694 2198
19 1707
659 1034
1214 2340
83 2001
215 1011
921 1184
461 1270
259 930
2257 2346
1110 1697
145 1954
11 2200
220 1550
859 1555
366 768
1068 2072
787 2101
1515 2245
1746 1942
1113 1671
1548 2271
232 2369
319 799
5 165
556 1115
1376 2024
774 901
994 1725
780 2450
1367 2331
1062 2434
1848 1903
1164 1551
379 508
1006 2424
2178 2196
54 1562
1942 2386
1875 1947
1945 2065
77 941
850 1469
694 1842
1307 1358
988 2240
1138 2050
57 1689
740 913
735 1291
659 1247
440 2296
355 1865
1516 2297
891 1751
832 1259
336 1335
1772 1805
629 2184
1043 2013
502 1451
89 783
52 2471
964 2159
227 394
988 1770
1053 1081
922 943
446 2458
234 1712
850 1492
44 700
327 1330
12 2019
1474 1533
425 569
866 2034
28 1600
837 1702
64 578
1348 2095
163 1566
9 2429
375 1085
1318 1981
331 1601
311 1159
152 546
65 2004
163 978
246 1597
646 917
944 1111
1463 2245
146 2309
1756 2040
1106 1157
601 1918
18 629
111 976
1336 2091
1161 2455
501 751
255 1312
81 990
747 1192
1235 1663
1838 2346
1583 2121
1309 1782
364 907
553 1579
985 1985
1613 2179
170 2003
354 1723
1194 1776
27 1514
1209 2340
1289 2295
57 830
1996 2065
1234 1334
855 1426
2249 2431
354 2151
113 2218
1097 1932
1126 1704
211 1207
811 1448
87 1075
89 2156
866 2127
1437 2428
274 1669
1165 1493
227 1853
779 2498
596 1945
528 2262
640 2298
1245 1980
1184 1252
977 1885
1905 2210
480 1939
1596 1811
83 1438
2026 2461
1630 2389
1382 2299
1652 2310
1608 1823
1719 1945
1268 2472
1066 1481
127 961
1378 1825
1211 2145
1065 2354
921 1794
233 1545
405 1627
1185 2380
1075 1153
467 1025
835 1971
595 1633
159 1078
1426 2313
1050 1294
692 2007
847 2254
1414 2069
1439 1572
1994 2008
248 1039
167 1755
440 2180
47 349
1029 1071
330 501
1906 1963
1095 1579
423 541
505 1591
1716 2026
985 1797
1366 2388
1460 1914
1408 2319
968 2081
223 2446
1641 2247
178 1808
1206 1504
380 1834
1221 2285
1297 1830
1364 1837
1383 2252
443 1468
425 2239
1968 2327
621 1382
1287 2454
290 1770
2036 2250
1298 1992
906 1684
607 2410
391 501
1126 1744
56 2300
457 679
1892 2223
2061 2335
707 2000
175 1589
1827 2209
130 1071
875 2164
1215 1899
625 906
1045 2027
91 2148
955 2495
149 2213
636 2448
607 2268
627 1176
331 2203
526 1037
1218 2114
546 726
1796 1824
190 1003
171 1603
310 1732
9 1259
1354 2113
908 1824
1056 1623
1052 2259
336 1005
366 1146
211 1511
849 2036
1247 2067
1165 1972
4 2127
1268 1831
953 1006
238 934
457 1262
1012 2131
71 1919
1208 1455
475 2021
482 994
848 2356
882 2140
4 573
418 1820
1098 2070
807 1212
1101 1590
543 1622
43 1476
1305 1374
1933 2385
451 1518
1420 1804
226 1794
223 941
288 798
1070 1942
1642 1679
1612 1946
477 1031
210 1284
825 2243
286 374
2430 2446
836 1277
225 750
721 1200
26 1742
120 1482
576 1334
1621 1704
1373 2288
67 1064
25 946
937 1193
917 1055
798 1735
1257 2108
599 1203
1390 1554
2038 2303
1614 2274
371 1004
638 1814
648 1367
87 1213
2100 2268
347 2374
335 1682
371 375
941 1272
507 807
1253 2063
1851 2130
281 1184
256 1834
987 1869
1505 1608
922 1754
622 1658
371 1569
708 852
97 2471
1168 1199
432 1084
1057 1218
1863 2024
293 1239
869 941
1222 2143
1567 1914
71 2069
1283 1678
53 589
2114 2246
674 1183
118 896
1549 2103
248 992
771 938
847 1827
2155 2385
706 895
178 1646
1278 1836
346 2382
1250 2452
1929 2047
18 1145
759 2099
2264 2287
1456 1896
506 683
1499 1675
268 1784
113 1114
626 1783
515 1331
178 207
970 2492
2042 2374
307 1315
259 1842
487 1869
277 1468
41 1246
202 771
1451 1453
222 2464
143 490
1748 2270
1118 1888
1553 1632
720 1245
227 1839
896 2214
545 2115
1203 1457
572 803
594 1944
205 1554
634 2324
1599 2420
143 793
450 1563
147 326
220 1264
1772 2214
2411 2448
32 1265
175 2246
1675 2289
378 2305
608 762
464 2220
1202 1533
1350 2424
872 1859
1179 2464
1516 1527
1629 1662
1848 1853
427 1567
636 2352
667 1515
1117 1204
292 2427
508 2232
185 1269
163 2355
504 572
428 1210
1436 2082
915 1802
276 818
1904 2442
1310 2480
1253 2421
377 1403
1406 1788
405 2069
1512 2124
132 211
759 2409
129 916
1419 2087
215 312
1166 1362
664 2393
2080 2184
1481 2022
976 1588
832 2355
412 723
1258 2199
343 1643
1267 2118
1844 1854
914 2127
1268 1344
855 1771
263 1985
1139 1167
575 651
1802 2246
259 299
1283 1362
789 1630
1201 1217
2352 2475
900 1011
34 2332
1201 1792
206 1877
645 828
99 1549
1015 1327
1599 2181
1764 2465
1283 2270
1510 2044
294 1096
906 1884
1923 2122
585 1290
1000 1612
1444 2300
548 1593
145 2424
488 1313
84 2377
101 1098
1204 1699
294 684
964 2079
1966 2473
562 1623
2043 2281
1704 1961
1180 2060
10 293
560 2309
622 1251
911 917
546 1745
145 1398
1498 1622
1242 2340
698 1051
39 1176
630 2005
664 1767
446 2081
1310 1542
1664 2489
1103 1673
1177 2296
998 1048
1314 1429
1859 1958
371 674
1810 2003
261 1868
1165 2080
826 1204
756 1455
224 935
237 2304
1380 1546
59 862
1050 1479
847 1247
2170 2244
984 1409
382 688
877 2358
752 1376
187 2134
867 1636
1715 1976
1985 2070
931 2293
420 1167
1314 1612
2227 2473
778 1373
120 967
638 1139
1878 2062
1136 2080
994 2443
457 695
159 2370
1021 2343
1025 1073
498 595
559 943
493 2402
1514 1625
1322 1352
195 1488
1644 1969
283 2328
107 1221
758 2344
801 1802
1258 1751
1136 2011
931 1855
1955 2157
428 2169
501 2064
612 1966
509 2236
980 1830
604 1982
1539 2247
1367 1452
1073 2045
88 1404
888 1830
597 707
218 1660
91 1732
904 1587
1530 1560
573 1124
700 1545
105 2053
1085 2450
554 1383
82 2436
302 1048
1303 1861
905 1636
481 765
1308 1471
1077 2482
1204 2324
74 2305
728 1148
816 1335
381 2272
1030 2376
980 2433
476 832
73 1049
768 1350
1120 1586
256 711
990 2005
328 737
1328 2461
311 680
1152 2398
485 1395
1046 1820
818 1725
255 1715
210 1648
200 749
1797 1994
272 2277
162 1392
387 878
1162 2397
1377 1898
226 853
51 242
908 1532
1531 2448
994 2302
366 1042
1327 2080
811 1051
744 1560
1250 2252
857 1522
1019 2029
2421 2428
1090 1405
2296 2319
4 2059
649 2259
1695 2109
667 1572
727 2484
1092 2080
907 1026
188 1837
931 1472
223 897
683 1268
1259 2227
702 2286
707 2148
1482 1791
503 1309
556 667
1068 2179
1735 2361
103 1251
832 1719
1195 2259
1253 1382
226 1111
1522 1827
2024 2462
291 736
1751 2091
915 1437
243 2312
1911 2330
1552 2467
120 497
2146 2372
413 1369
103 2475
685 1244
2011 2362
488 1581
908 1751
1713 2010
432 2300
1963 2183
900 1891
113 1219
658 2023
1049 2209
1545 1990
1152 1843
228 1417
907 1564
330 2322
1591 2206
672 1833
195 600
1094 2204
1526 1827
1291 2004
724 910
351 1705
2128 2362
677 2373
1379 1586
930 1736
31 169
1109 1157
1001 1075
446 2181
708 1793
353 902
962 2392
606 1720
2124 2487
226 511
49 1730
576 2177
1593 2463
679 2368
1120 1342
887 1123
803 1794
1510 1877
296 1955
1003 1073
764 1426
656 1419
1539 1902
1889 1890
1163 1915
1211 1629
1146 1719
403 2253
1682 2286
432 525
906 1070
1411 1708
364 2436
174 600
1673 1891
691 2169
114 2109
326 2015
1148 1730
919 1825
48 1146
537 2291
454 1766
463 2044
240 1990
660 987
75 1913
439 2367
1849 2482
127 755
818 1170
425 1283
265 2441
313 1090
746 1994
415 640
308 466
1588 2445
920 1504
1159 2050
538 995
1069 1334
1201 1965
1022 1314
698 1149
1583 1867
1481 1522
165 1422
477 1786
1281 2026
1222 1956
1044 1435
1381 2421
132 841
385 2182
894 1515
220 349
1478 1699
1064 2499
513 1277
663 1610
644 2143
324 633
581 2418
107 800
714 1537
1664 2062
81 1499
545 2227
444 1854
869 1909
853 1643
732 2330
842 1311
869 2329
8 2102
246 2478
611 1665
569 2245
45 884
273 1867
944 1935
1530 1936
1995 2442
1257 1797
181 1954
307 2180
1823 2427
137 165
753 1980
355 548
527 1987
115 668
199 652
211 413
597 1794
32 484
2253 2419
1076 2195
1430 1848
884 1007
203 2028
705 1352
841 2144
1031 2411
1579 2335
266 1338
380 1620
1786 2005
93 1932
689 1997
742 1995
495 720
1311 1429
359 2204
227 659
1242 2201
429 1946
568 2087
1114 2301
1652 1998
1778 2207
5 1327
2009 2157
128 2250
956 2124
1697 2453
189 1134
64 1706
1411 1499
422 1672
1179 1637
1373 1580
140 1941
682 1956
70 180
1108 2276
1112 1957
618 1129
136 745
394 606
348 2384
1018 2303
536 1024
1081 1549
1503 2434
721 1086
1608 2196
166 2335
847 1049
633 1791
399 541
409 2012
1025 1026
642 1160
550 1771
1655 1766
897 1084
173 947
769 2107
1557 2495
231 1786
143 1482
1839 2323
1317 2402
185 609
536 726
522 944
238 1062
394 1970
756 2221
944 1002
1355 1925
1600 1612
723 2302
1812 2380
1666 2279
2043 2421
648 1382
1480 1759
1284 1944
1603 1819
170 1639
2278 2421
201 1263
316 2422
774 2018
439 958
2039 2128
70 1930
1965 2276
758 2055
301 646
809 1491
751 1682
2288 2480
195 1391
1315 2378
530 1093
731 1814
2129 2355
168 1388
121 2417
2046 2345
1674 1929
991 1450
1394 1748
1005 2040
2011 2048
349 745
262 2151
241 2470
557 1555
601 1863
148 1177
3 846
322 1013
239 905
649 750
2284 2322
179 776
788 1573
1307 2038
628 1587
491 818
594 1846
142 2086
564 698
1141 2426
803 1298
619 2144
320 940
172 1224
335 693
1488 2492
1667 2172
283 460
255 2320
397 1281
1407 2099
269 887
193 1028
272 2354
511 1240
38 2212
1313 2345
1148 1696
300 1383
993 2371
1360 1717
985 1389
42 782
296 1363
145 602
692 1524
1093 2243
1792 1950
1161 2120
860 1736
1186 1449
412 2014
1294 2108
662 1594
533 991
208 2101
101 1407
1112 1448
882 2474
1258 1483
119 1464
507 2361
57 1813
1327 1691
563 2489
1175 2065
1526 2477
689 2335
1350 1600
91 944
545 1398
305 2312
160 924
1041 1268
414 2040
532 2038
520 2060
91 2408
750 1373
1362 1782
862 1312
38 2353
241 839
1953 2188
632 1591
489 2043
691 1371
308 850
1090 1809
1405 2222
146 943
665 2269
503 2177
755 1391
427 2051
1253 2267
414 2304
767 1106
309 2060
221 1151
455 1778
660 1154
164 976
1509 1973
1581 2428
1210 1726
872 979
889 2390
160 171
112 2279
1726 2047
880 1654
1366 1985
926 2420
1809 2155
1591 2263
245 949
424 1112
736 1447
100 2316
1310 1376
1542 1762
947 1803
151 1489
621 1945
1600 1861
1492 2479
1015 2372
451 1480
304 799
2120 2389
67 569
5 2149
1681 2399
967 1780
1857 2215
105 772
1119 1423
784 1233
412 1853
229 1526
730 1720
1021 1744
1593 2015
1709 1906
1330 2318
1310 1899
474 1898
594 1904
373 2385
88 1889
1508 1742
361 374
431 1606
357 1144
475 1373
1204 1883
108 2418
1215 2462
1672 1933
621 1751
502 1931
1150 1914
69 1919
2023 2292
1412 2453
1695 1894
420 2268
366 1570
215 889
722 1363
1102 2119
1209 2081
2037 2044
985 1939
60 1216
1232 2250
416 1505
161 925
484 2183
232 2452
610 2125
545 1162
233 1408
910 2297
1146 2461
578 675
257 766
1301 2317
740 2300
531 803
553 800
1762 1819
968 1437
244 967
475 1121
919 1245
1595 2115
1023 1789
1827 2213
820 1303
860 1495
1625 1880
682 1751
1066 1442
1421 1759
1596 2220
373 1827
1055 2309
1298 1809
776 2444
1209 1288
903 1190
305 2493
1646 1925
2207 2260
82 450
1255 2329
21 1706
163 511
1086 1932
1437 2196
764 1167
69 2221
573 1877
535 864
1337 1822
2041 2072
1891 2239
1179 2034
1038 1256
939 1487
1337 2193
58 831
1342 1728
314 2235
289 1172
970 2024
1450 2092
207 2022
741 985
386 2321
1973 2077
1331 1377
911 1364
10 2401
949 1682
34 903
157 1734
92 1885
576 1841
379 1713
513 1238
863 1962
345 1069
999 1329
1324 1385
416 665
858 2041
1746 2221
1271 2467
1164 1638
41 2219
1197 1890
803 1774
790 1864
4 144
656 1757
121 756
615 2132
632 1189
1944 2028
1531 2123
2388 2443
1205 1665
1147 1624
277 1990
1224 2310
318 1007
614 1606
1404 1810
486 1953
922 2242
1192 2124
1756 2362
567 1806
1250 1902
95 933
389 2052
336 2053
272 1475
700 2261
25 1751
985 1583
1031 1114
690 2355
18 1175
454 1324
432 948
295 1645
951 2218
376 1136
1716 2484
2068 2104
1919 2036
1172 1823
894 1386
145 1099
1410 1599
1243 1955
213 1932
1811 2244
122 150
198 553
1097 1357
330 362
737 1822
1038 1465
549 721
157 2272
843 2467
861 1595
2208 2228
520 653
1307 1762
109 1519
709 1434
345 778
490 1583
898 2194
774 1846
24 1169
1004 1026
1721 1746
1067 1393
1033 1034
2142 2235
1409 1964
1443 1851
658 2131
706 2239
929 1692
1173 1984
1274 2270
1686 2474
1335 1964
1503 2459
985 2018
7 1240
588 2246
779 2147
1136 1882
45 422
861 1787
493 1002
1707 1959
666 2246
435 2151
151 925
205 2139
111 2169
70 974
493 1172
570 693
316 1247
795 894
609 1930
545 2290
652 1489
2331 2490
659 1791
405 1213
864 2456
354 2121
559 1788
1413 1760
2242 2249
429 997
242 1566
1003 1121
1396 1430
1520 1896
860 1686
2064 2348
1411 1852
1853 2025
566 702
173 2430
944 2298
232 1809
357 1069
99 1159
818 2156
527 574
1162 1222
1576 2133
92 487
466 1153
717 1688
314 555
1682 2127
81 2343
1762 2025
207 2031
1340 1823
2180 2452
1112 1923
1793 2256
768 1835
1504 2344
497 1421
104 1137
1422 2289
569 610
22 398
1165 2148
1245 2079
856 1507
770 1038
1062 2107
1015 1892
830 1787
596 2126
586 2408
431 2430
1412 2441
50 1366
45 288
129 1853
413 1874
41 1577
1038 1634
45 2336
121 2489
597 1052
2227 2488
1030 2066
818 1207
919 1140
1070 1115
1349 2041
1011 2229
571 2090
1444 2031
699 2443
254 333
1035 1370
871 1887
1414 1876
506 1525
428 2248
1028 2008
778 1361
230 1917
859 2279
2 643
401 527
372 2005
1097 2402
949 1310
1282 1861
396 1563
950 2166
596 1267
327 1287
269 2120
649 1035
1327 1792
2009 2021
259 1303
260 381
781 1945
787 1831
286 1398
750 1248
609 2223
1286 1546
1005 1212
1751 1786
1592 1807
88 943
1123 1375
667 1591
615 2449
189 2223
569 1432
392 2482
284 864
664 2222
485 1197
920 1413
609 2473
1128 2205
971 1186
8 2428
16 2077
950 953
1138 2055
603 1619
1807 2184
1116 2340
1890 2322
254 1507
744 2121
818 918
1229 1845
1352 1737
957 1819
20 2479
1443 2407
27 1020
492 2422
576 1972
1092 2061
693 1261
533 2413
1804 2376
899 2369
1990 2057
1157 2489
1900 2322
1074 1835
669 752
731 2031
489 688
153 714
76 1508
720 981
166 282
858 1587
1057 1500
448 905
774 804
1346 2376
2018 2279
1880 2101
1215 1418
676 1685
1398 2221
1930 2085
210 2083
1232 2314
534 1673
1838 2212
330 814
1386 2210
615 2314
133 1349
195 1388
9 682
1727 1889
161 284
119 474
1517 1845
1275 2209
617 1933
431 858
665 2045
480 2392
324 1383
706 1093
35 1225
74 1222
111 168
176 2282
307 1510
105 1579
1213 1670
93 530
2244 2301
361 1804
1734 2177
307 1914
786 1722
121 1806
624 2026
1213 1848
2061 2435
1921 2228
1219 2060
1881 1918
229 998
1413 1986
2078 2210
1942 1954
761 1880
629 1829
2135 2452
43 1190
421 1363
1045 1310
890 2037
2407 2465
1344 1487
562 2193
63 1611
291 2443
1929 2123
1218 1833
175 1507
402 802
132 935
403 546
103 1781
1592 2202
1466 2416
262 1870
169 1953
941 1835
1043 1512
1017 1089
154 960
1379 1792
2111 2403
1125 1411
1442 2285
236 1327
1088 1387
369 638
1490 1744
2085 2470
1660 2346
628 1355
205 2030
557 1568
86 1247
915 1646
40 560
207 464
847 1666
966 1389
216 1803
391 1201
1118 1353
108 759
112 2359
1771 2092
947 1720
765 2399
982 1151
837 1912
582 2482
1142 2341
49 2036
717 1120
9 410
1683 2212
2238 2398
103 856
376 1252
478 1363
70 235
150 1470
49 1016
1681 2234
545 571
1093 1127
68 935
1619 1783
403 498
907 2335
411 1033
619 2163
236 932
520 1698
126 997
76 2375
225 1067
1345 1597
1079 2287
333 779
1165 1871
974 1232
257 2320
318 351
174 2201
584 739
734 872
1665 2261
281 622
748 863
793 939
138 1374
678 1482
466 471
1249 2075
313 740
136 1286
1970 1972
1057 1837
1230 1803
42 1538
1328 2272
914 1089
1437 1535
1370 1815
1677 1797
1934 2268
446 551
431 1021
7 426
738 1785
261 1435
2023 2232
580 905
208 1085
123 1809
152 2264
678 2394
847 1241
1727 2125
540 2176
1302 1944
1852 2473
405 2389
316 2387
1187 2425
186 568
92 122
542 1933
186 518
264 1510
28 640
50 1661
220 402
896 1947
572 2041
843 2486
1974 2030
1919 2209
1612 1893
1749 1818
299 2317
1519 2435
952 1923
477 1623
740 984
633 1623
283 2294
502 1187
1597 2210
1752 1963
1949 2168
1698 2109
939 1819
332 633
931 1896
744 1665
684 1228
166 679
670 1635
1789 2133
925 2421
1207 1256
1730 1958
956 1708
1055 1172
239 2222
136 1831
1074 1451
1150 2083
921 1595
86 995
1737 1854
769 2047
1903 1918
218 707
657 1551
143 2321
1863 1873
586 1779
335 2343
1757 2065
88 1408
1396 1538
1996 2061
417 1122
671 1631
25 502
383 785
1800 2072
1804 2217
7 1268
150 2460
605 1823
1537 2383
1380 2408
1181 2232
460 2319
1855 2103
1358 1599
931 1994
1602 2016
640 2032
1022 1141
713 2332
323 2049
2031 2343
818 1991
937 2492
829 1044
253 820
68 1938
1433 2397
551 1901
274 1268
1713 2149
1180 1782
815 2421
228 1956
60 459
296 2183
1623 1715
139 1955
1206 2146
392 1550
690 727
1802 2143
250 794
1555 2209
800 2337
449 2483
1551 1765
1144 1880
1371 1687
1336 1660
535 945
68 1955
2093 2249
470 1538
1254 1929
1459 2019
156 1321
464 1102
1570 2171
174 1884
157 2009
575 2333
492 1921
623 2454
806 1377
1797 2321
1252 1340
604 1903
361 941
1073 1614
108 2385
41 88
704 1428
14 20
193 376
1897 1899
349 1245
1784 2473
1251 1942
128 1922
248 1219
1102 1963
1367 1986
1220 2346
1808 1822
975 1222
1063 1915
358 778
797 1766
371 1656
989 1783
852 1055
43 543
136 1294
1572 2000
1421 1762
292 400
365 2277
1099 1281
603 1638
113 407
1340 2321
690 2117
180 1971
65 414
1127 1402
1697 1847
1405 2253
1754 1903
199 1254
491 1134
517 782
396 1533
74 314
1226 1494
432 1901
853 1771
1543 1722
903 1416
1014 1316
1481 1655
343 2232
852 1985
1747 2121
903 1460
875 1393
1391 2109
1142 1689
1277 1301
296 971
3 917
856 1711
448 2202
605 1913
1864 2441
360 1920
1596 1652
702 1963
652 1964
1069 1584
439 1973
48 1977
380 1166
705 1680
1675 1958
1475 1490
701 2106
1808 1845
1149 1258
28 1927
714 862
387 1825
14 603
180 803
67 2386
506 763
240 1374
553 1753
772 921
449 2393
1938 1961
1368 1567
714 2154
390 803
1486 2316
345 2200
678 731
206 1040
1333 1842
915 2399
663 1243
117 935
417 1002
852 1385
1774 1833
745 1235
786 2113
303 440
692 2341
757 842
24 1101
57 216
1096 1831
180 422
438 2335
1094 1680
13 1543
430 1312
45 197
1281 1818
1544 2026
554 2329
371 1154
510 2284
541 577
600 1351
1408 1642
488 816
752 2018
667 2456
102 1275
115 1151
318 2462
544 2377
1339 2173
1217 1695
380 1763
562 1533
346 2133
211 2042
409 886
325 2042
655 1331
31 849
212 921
805 1023
1471 1487
1137 1319
948 1680
622 1196
34 2406
414 1353
1669 1914
1303 1461
519 1774
161 1028
927 1352
2202 2257
1747 2007
121 2442
926 1959
461 965
1911 2101
359 1779
796 2490
830 980
2333 2396
1080 1243
1262 2218
537 2382
237 910
212 1163
1777 1928
435 799
556 1176
635 741
996 1706
407 610
822 1903
765 1618
1260 1893
1304 1962
220 608
1384 2384
1781 2437
175 1920
192 2131
1337 1968
1075 1287
2250 2281
522 1842
2352 2399
509 2227
259 550
538 2411
1682 1805
1144 1312
124 1434
1363 2022
319 1300
1304 1753
1474 1495
1385 2326
478 1974
