100
1 1 1 1 4 1 1 1 -6 1048579 -1048570 59 1 -56 119 8388482 8388608 -16646018 -131183 4194281 -4194242 33554432 -33554455 67108887 64 8388608 -75497533 134217725 -67108736 67108752 -67108624 67108640 -117440583 256 251658055 -268435296 134283088 -132185936 65012544 67173648 256 -131137872 63964000 32 33553408 -33553344 67108224 -33553856 -100402296 66848056 -56624192 157287296 16384 201310208 -301989880 952 100695104 32768 -100663232 33491904 -33491872 69139488 1004537664 -1071580000 31398816 505472096 -539033632 4259872 62849888 -2214592512 2147483649 539032743 -2678127784 2172667968 69186560 1024 -102695808 102696832 -94308224 94310272 -69190592 69711808 536349696 536870912 -1176505856 32 639634928 -536349710 -103285186 64 1984 131072 102659520 -101610944 -1173504 104881600 -104873408 102874560 -86097344 90193344 
101
33 64
52 92
80 93
56 86
77 93
40 87
32 57
1 75
62 88
79 84
13 65
36 66
75 88
17 24
21 63
13 28
53 64
18 33
5 55
48 86
74 79
12 88
29 88
84 91
63 74
73 86
27 37
2 21
25 35
23 86
35 55
6 14
29 96
36 52
22 31
9 99
85 93
18 21
2 72
12 46
63 82
31 89
19 49
41 88
11 83
27 36
38 43
37 41
65 74
86 93
84 93
2 87
19 69
8 41
17 19
81 85
14 96
15 70
58 62
43 53
66 78
7 78
16 17
41 78
28 90
72 83
12 71
68 80
73 90
7 20
5 89
83 87
18 55
77 97
13 49
20 76
27 97
40 80
12 21
19 99
48 88
59 82
49 59
38 47
22 57
10 53
40 59
76 92
88 94
5 51
35 70
59 78
58 65
76 98
15 77
25 75
3 55
60 82
2 20
7 24
60 74
