100
1 4 4 32 64 64 32 8 1 1 2 4 8 16 32 268435456 131072 131072 32 8388608 256 16777216 16777216 33554432 128 524288 524288 1048576 1073741824 -3221225472 64 64 4096 65536 65536 131072 524288 524288 262144 65536 65536 131072 8192 8192 128 -2147483648 4194304 4194304 4096 4096 8192 1 131072 131072 262144 524288 2 2 4 8192 4194304 1073741824 -3221225472 2147483649 32 32 512 512 2048 2048 1024 256 256 512 32 -2147483648 16777216 65536 65536 128 268435456 268435456 65536 4 4 524288 524288 1048576 4 16384 33554432 8 4096 1048576 1048576 2097152 134217728 -2147483648 2147483649 1 
101
33 64
52 92
80 93
56 86
77 93
40 87
32 57
1 75
62 88
79 84
13 65
36 66
75 88
17 24
21 63
13 28
53 64
18 33
5 55
48 86
74 79
12 88
29 88
84 91
63 74
73 86
27 37
2 21
25 35
23 86
35 55
6 14
29 96
36 52
22 31
9 99
85 93
18 21
2 72
12 46
63 82
31 89
19 49
41 88
11 83
27 36
38 43
37 41
65 74
86 93
84 93
2 87
19 69
8 41
17 19
81 85
14 96
15 70
58 62
43 53
66 78
7 78
16 17
41 78
28 90
72 83
12 71
68 80
73 90
7 20
5 89
83 87
18 55
77 97
13 49
20 76
27 97
40 80
12 21
19 99
48 88
59 82
49 59
38 47
22 57
10 53
40 59
76 92
88 94
5 51
35 70
59 78
58 65
76 98
15 77
25 75
3 55
60 82
2 20
7 24
60 74
