100
1 1 3 1 65536 268435456 -268369920 270467072 4194304 256 4194304 -4193536 1024 -896 4194304 2048 25162624 -25160576 32 256 293595744 -293595968 480 512 67108352 67108864 16 16 2048 1048576 4194304 -138414592 524288 524288 2 256 512 16384 -14848 18944 4096 16384 -19968 512 16384 128 16256 -16192 -2147483648 2147483649 16384 -2146451457 2146451459 131072 -2079473667 64 16777216 32768 2062729155 4194304 4194304 -4390912 458752 -458496 720640 -720384 32768 8 8 16 33554416 235306480 33554432 8 8 -268860416 -2147483648 1024 1024 2048 16 16384 16384 134181872 256 16384 16384 -32000 556288 524288 133137152 -2147483648 2017492224 64 129991362 16384 131072 2097152 2097152 -3276800 
102
21 44
19 81
59 60
20 80
48 52
47 75
35 86
52 57
21 91
68 80
23 56
22 23
42 78
86 94
27 73
8 45
15 88
61 74
41 46
93 93
66 90
38 74
1 95
21 27
84 92
40 98
15 20
62 92
54 61
77 85
27 84
28 39
71 89
13 17
6 30
8 21
45 69
69 94
19 38
23 88
9 84
23 62
4 22
14 65
75 88
48 99
72 76
38 41
50 65
57 92
53 62
13 22
6 8
45 89
22 75
31 65
26 59
51 61
47 64
21 26
52 73
20 23
47 56
12 63
6 19
5 57
15 80
76 85
18 65
31 40
38 93
68 95
19 19
56 64
79 83
33 84
2 52
53 97
15 57
9 61
11 33
11 18
24 93
41 96
25 57
78 92
18 46
37 87
43 65
46 98
22 82
72 76
30 81
39 69
44 75
74 99
17 84
8 84
8 80
46 62
5 23
23 55
