100
1 1 1 1 1 1 1 1 1 1 1 1 1 1 65532 1 -65542 1 1 1 134217725 1 1 1 1 -134215682 1 1 1 134215683 -134217672 1 2049 1 1 -2102 1 1 1 1 262140 1 8126467 -6291458 -2080781 1 -14210 1 -2147469439 1 1 2684338171 -520093679 16777216 256 1 1040203504 1 1 1 1 -939278328 1 939278835 1 -1073691074 134414286 -132384777 1 -2094981 1073764736 1 -7681 -1006388213 1006650357 -1057244081 -16776273 -1019 1 134483977 402386945 1 -535822347 66125823 -67171843 136578573 937193972 -1073768959 1073826302 -1056989694 1 1057440765 -3221767170 3221381635 4579839 1 1 1 -1061700468 520093583 
101
64 89
4 45
41 65
55 63
2 83
14 52
3 62
21 64
4 23
21 35
37 62
73 84
11 50
41 81
69 95
73 82
31 74
25 96
16 80
57 98
9 79
10 41
11 73
31 59
74 94
9 51
34 54
2 82
44 63
38 41
14 31
18 61
43 87
1 55
12 21
96 99
6 18
27 38
76 94
50 57
7 86
41 59
40 41
42 83
2 82
19 30
37 93
79 91
46 77
79 97
56 74
73 96
32 77
54 99
26 55
2 13
60 61
1 51
92 98
81 98
73 98
28 64
17 35
12 43
21 61
7 17
1 94
71 87
32 85
23 57
25 40
1 67
18 84
81 98
9 79
79 79
5 77
10 43
22 86
19 82
7 25
96 98
25 83
56 67
68 90
6 12
13 76
6 94
4 94
1 75
52 81
56 79
22 57
66 76
8 84
12 58
8 52
8 32
35 75
2 86
63 95
