100
1 1 1 1 4 1 1 1 -6 131072 131072 -262076 524220 267911236 -268435392 8388482 8388608 -15728646 -785408 268435456 -268434432 817152 32768 7307270 -7241734 65536 -978944 978948 131068 4063236 8192 1068557308 2097152 -1074463744 65536 65536 8192 8192 114688 -114432 256 2 376318 536485888 -536829438 7618052 -7585284 7601668 2 2 1048576 -1048572 -7667206 142933506 -75759112 -67141600 1024 159676904 -159677954 2074 67139556 1015283204 -1082406376 -14336 67137512 -67106792 7714276 2097152 2097152 4194304 520737308 553938408 -553938406 -512348702 512350750 -2046 -256496160 256496164 -248107556 8388608 16777216 222958110 247808 -537138972 8192 131072 536801052 65536 196608 -122606110 122868254 -223531294 222941478 -536809252 537923356 536870912 536870912 -940638200 -100532232 783560162 
102
21 44
19 81
59 60
20 80
48 52
47 75
35 86
52 57
21 91
68 80
23 56
22 23
42 78
86 94
27 73
8 45
15 88
61 74
41 46
93 93
66 90
38 74
1 95
21 27
84 92
40 98
15 20
62 92
54 61
77 85
27 84
28 39
71 89
13 17
6 30
8 21
45 69
69 94
19 38
23 88
9 84
23 62
4 22
14 65
75 88
48 99
72 76
38 41
50 65
57 92
53 62
13 22
6 8
45 89
22 75
31 65
26 59
51 61
47 64
21 26
52 73
20 23
47 56
12 63
6 19
5 57
15 80
76 85
18 65
31 40
38 93
68 95
19 19
56 64
79 83
33 84
2 52
53 97
15 57
9 61
11 33
11 18
24 93
41 96
25 57
78 92
18 46
37 87
43 65
46 98
22 82
72 76
30 81
39 69
44 75
74 99
17 84
8 84
8 80
46 62
5 23
23 55
