100
1 1 1 1 1 1 1 1 1 1 1 1 1 1 65532 1 -65542 1 1 1 134217725 1 1 1 1 -134215682 1 1 1 134215683 60 1 1 1 1 -134217786 1 1 1 1 1 1 1 268435454 -134217615 1 -134213763 1 1 135262276 1 255 -135266601 -27 135266884 -135262724 134279169 1 458753 1 -134740009 1 1 134232039 -16251 1 -134150253 134182947 1 -134248259 -2178 134758343 -471041 -2281771057 1 2151677944 -4184073 -10239 3069 1153 1111965 -1113631 16778882 50392962 1006567438 -939450318 1 4661248 -4472761 -131073 1 134086534 -266338196 6291334 125829250 -117440633 16777216 1073741829 -973078531 67240061 
101
43 63
92 94
40 47
49 62
13 25
67 94
77 80
32 99
32 84
57 65
18 66
13 18
70 90
80 81
45 58
1 94
8 84
48 92
31 40
8 41
62 74
34 43
33 49
32 72
37 64
79 88
1 5
71 89
71 94
51 52
16 43
21 50
26 41
56 66
71 80
42 97
29 44
82 92
55 61
24 26
11 89
3 90
15 92
9 59
8 61
59 74
9 51
76 94
47 59
27 30
25 30
67 73
49 53
15 66
2 87
38 91
40 97
12 79
30 38
19 90
45 77
64 93
57 83
31 67
16 97
43 55
20 22
17 73
71 80
72 87
25 65
61 63
40 62
72 90
75 90
19 80
43 67
12 49
77 97
13 79
34 72
53 91
54 67
23 64
45 49
11 94
54 73
34 73
45 93
24 67
2 34
85 98
42 94
39 47
24 71
43 49
3 58
10 35
69 96
15 32
24 46
