100
1 1 1 131072 1 1 8192 16769022 1 -16760831 1 8380415 -8314880 49150 16386 2097152 -2375680 1 196607 -65529 -131015 409536 114686 1081745410 -1048576000 33554432 -66834432 -118786 -2139250686 2138955844 167911356 -1233125376 -3221225472 268435456 2953838592 1064583168 66830368 -66828320 1 -419769 2 167913398 -167913270 167929654 -3917498368 3951052800 -134096896 1 -3280084993 3229894657 -3766765568 3833874432 -1147422721 512 512 65536 2030592 1128415233 -2743222272 2776776704 -1164064769 1164064785 -1164064529 1063114692 201484220 -1264582528 16384 1266663296 82050945 -218228736 33546272 184682480 50198512 -130152321 4194304 -3420473472 534773763 1612973053 1163805713 -1155417105 -2156004352 3445639185 -215893009 -2693006333 1627653117 1281246226 -1264469010 -16777208 -17005319 134201343 1298267921 -3578939409 4096 8192 3310497809 16384 134064239 -1264337792 32768 1398655761 
101
43 63
92 94
40 47
49 62
13 25
67 94
77 80
32 99
32 84
57 65
18 66
13 18
70 90
80 81
45 58
1 94
8 84
48 92
31 40
8 41
62 74
34 43
33 49
32 72
37 64
79 88
1 5
71 89
71 94
51 52
16 43
21 50
26 41
56 66
71 80
42 97
29 44
82 92
55 61
24 26
11 89
3 90
15 92
9 59
8 61
59 74
9 51
76 94
47 59
27 30
25 30
67 73
49 53
15 66
2 87
38 91
40 97
12 79
30 38
19 90
45 77
64 93
57 83
31 67
16 97
43 55
20 22
17 73
71 80
72 87
25 65
61 63
40 62
72 90
75 90
19 80
43 67
12 49
77 97
13 79
34 72
53 91
54 67
23 64
45 49
11 94
54 73
34 73
45 93
24 67
2 34
85 98
42 94
39 47
24 71
43 49
3 58
10 35
69 96
15 32
24 46
