100
1 1 3 1 65536 268435456 -268369920 270467072 4194304 262144000 -536805360 276758512 1 -276758497 278855648 8388608 131072 -8519424 2097152 134217728 134217728 33554432 33554432 67108864 4 16 16 402653148 2048 2048 -402657264 402661360 -671088640 4096 671085056 512 32 32 32 128 -96 64 4096 4096 8192 0 -2147483648 2147484672 1024 -2047 57343 134161408 4194304 -134161408 -4128768 8323072 134161408 -134030336 131072 262144 536870912 2097152 2097152 4194304 8388608 -8388352 256 125828608 256 -58720256 4096 1 4095 192929792 -192933886 268435456 8192 8192 67100672 67108864 134217728 -134152192 65536 131072 33357824 2048 2048 4096 8192 67108864 4 64 4096 65536 -69440 134976 131072 4194304 4194304 -7602176 
101
33 64
52 92
80 93
56 86
77 93
40 87
32 57
1 75
62 88
79 84
13 65
36 66
75 88
17 24
21 63
13 28
53 64
18 33
5 55
48 86
74 79
12 88
29 88
84 91
63 74
73 86
27 37
2 21
25 35
23 86
35 55
6 14
29 96
36 52
22 31
9 99
85 93
18 21
2 72
12 46
63 82
31 89
19 49
41 88
11 83
27 36
38 43
37 41
65 74
86 93
84 93
2 87
19 69
8 41
17 19
81 85
14 96
15 70
58 62
43 53
66 78
7 78
16 17
41 78
28 90
72 83
12 71
68 80
73 90
7 20
5 89
83 87
18 55
77 97
13 49
20 76
27 97
40 80
12 21
19 99
48 88
59 82
49 59
38 47
22 57
10 53
40 59
76 92
88 94
5 51
35 70
59 78
58 65
76 98
15 77
25 75
3 55
60 82
2 20
7 24
60 74
