100
1 1 1 4 1 1 4 1048570 -1048511 -55 1024 2096118 -2095094 -2054 2162684 8 2031608 -1966080 -1966076 -260058 4192215 -2031601 -2162676 2359268 -2357174 8388576 1067513830 -1067513826 -2153711646 3221291008 -1073602576 -1073881072 33554432 1042161649 -1042159601 33552384 1006567428 -1006567412 16 512 1006632420 536870912 -1543470564 1543470628 536870912 -2080308772 1543437924 -469762164 -1073610224 1543372516 -1543208676 67108864 -67207168 128 4194304 1539112357 -1543306533 1677524324 33554432 -1711045988 1544322532 200277888 -3887922660 3890019812 -1746696548 256 -1874888064 1891631104 1732050404 -1748303204 1746206060 -1595735532 1595768300 -1591573996 1860009452 16 16 -471892004 471908388 -471777316 471760964 33554432 -33013792 524288 300924960 -769556548 769556612 -2132639340 1831190030 16384 301434974 -2132637292 1831710228 -1831706132 258048 1564012012 267960360 -1829875220 1566109164 -192806916 
101
64 89
4 45
41 65
55 63
2 83
14 52
3 62
21 64
4 23
21 35
37 62
73 84
11 50
41 81
69 95
73 82
31 74
25 96
16 80
57 98
9 79
10 41
11 73
31 59
74 94
9 51
34 54
2 82
44 63
38 41
14 31
18 61
43 87
1 55
12 21
96 99
6 18
27 38
76 94
50 57
7 86
41 59
40 41
42 83
2 82
19 30
37 93
79 91
46 77
79 97
56 74
73 96
32 77
54 99
26 55
2 13
60 61
1 51
92 98
81 98
73 98
28 64
17 35
12 43
21 61
7 17
1 94
71 87
32 85
23 57
25 40
1 67
18 84
81 98
9 79
79 79
5 77
10 43
22 86
19 82
7 25
96 98
25 83
56 67
68 90
6 12
13 76
6 94
4 94
1 75
52 81
56 79
22 57
66 76
8 84
12 58
8 52
8 32
35 75
2 86
63 95
