842 176
82407
146826
1775
771110
885044
434647
896315
594280
290807
329126
593968
304045
845495
588451
881883
405598
862503
187549
615456
490705
624950
802330
394583
386084
381034
714952
744391
892962
882864
894595
269210
100465
525187
95433
532433
215315
166357
798432
234885
703021
772463
766003
946341
524816
708419
678929
416055
45884
279648
279485
790594
61936
761061
539747
19066
330964
812633
181928
397265
412447
344743
627261
672553
826221
13805
209817
661926
148778
476478
193726
954918
124965
387560
689923
290312
992559
674463
16135
752111
402226
85761
719534
521787
540740
53404
35844
701358
192046
738906
708573
991020
735261
916263
740804
128116
778407
488244
780368
831729
606325
278072
916780
186917
1685
602162
18401
768805
832938
563635
471203
532593
637035
922712
336007
989607
147229
153390
440721
55571
728808
175631
662409
546259
711284
459689
696666
15671
873098
910532
934669
290132
635577
442942
906824
707861
779619
518564
967425
434938
154911
194591
196188
51981
185139
81088
516749
988323
825187
247635
333716
947797
515732
970162
40864
850613
273228
812333
692863
273125
821962
783431
833183
331580
400115
604343
240793
377215
71155
599263
431809
62060
920969
168857
658670
606649
102820
859063
320582
368748
489952
451075
221660
434918
765438
272736
856372
933770
368973
762255
686009
41110
157473
916835
901741
166346
358713
981658
143951
819302
258728
522403
411909
889780
547522
281350
152494
746343
597285
640501
332063
446133
117138
570642
300307
979380
315521
360953
360860
230317
7577
480602
476748
476070
605338
699217
456654
161266
288861
641342
936105
372556
343543
137966
666398
800651
614300
113993
563036
485245
960303
324915
338338
790417
414921
38388
26922
990196
199434
945581
611194
397998
345900
425478
778803
95868
147554
842216
418793
185244
370491
244485
386885
116511
718574
151145
540029
265207
736683
348375
296900
124295
367878
901150
355386
821235
762546
776311
619442
400525
309032
471952
602577
898453
768809
727494
149415
799510
958251
536333
545553
787976
217893
988865
978201
629365
803603
873307
917307
865443
486718
889684
528227
195904
706102
957690
59517
804417
298993
181411
215661
990828
725703
476933
569131
611326
606977
800522
819224
200120
570795
316470
785391
590499
933456
960831
865821
59272
115421
738091
978415
80967
540017
77009
648062
412150
615887
277682
298758
377102
433210
817073
759615
616966
182052
791530
762527
741128
662901
748777
532432
48583
668035
652702
828012
579354
916425
361032
616992
781966
912911
287839
781796
269687
723044
997428
974883
500674
881046
514601
100524
334613
574246
704922
690119
495126
325376
352298
318416
734293
581607
933596
243983
391579
908861
666449
494230
86265
164740
603562
322157
723598
148617
80887
439024
786327
165274
531493
19546
504303
796895
367954
217257
545439
157770
811129
831879
693131
8661
33795
969204
101578
718121
130627
695690
658021
25371
181827
837687
456151
329550
841754
677957
207603
538483
45517
207647
918876
969371
17630
563843
891420
60324
643744
975366
543707
285248
11080
413634
949883
338134
770788
593440
331357
329978
604894
709376
677686
15965
144913
427149
291083
153030
43481
479460
747606
649106
622296
578557
228297
3624
563244
743242
174744
873083
746454
9461
389883
922125
923891
903538
121086
792574
236009
709253
44561
665094
727893
402266
766403
945125
856875
766554
906963
635001
935748
830844
310785
880944
292522
791456
875217
623040
921532
24675
924199
794783
749226
418292
950492
930989
294727
743826
358600
487804
641339
211548
44839
337691
735194
994305
706338
169830
969886
892248
23186
591994
988011
826374
120660
429370
896338
573079
5513
641657
600244
612384
676738
73190
190490
952046
846638
414511
442656
526026
226891
935274
364107
387894
652994
312060
225028
455829
27318
665508
678426
555799
154824
160535
178577
417318
226638
894267
647587
555191
141047
385864
847825
79894
16887
854351
907455
120023
693804
456958
822089
667668
234008
192894
489594
609540
919447
129987
486482
263115
782995
450214
97180
703963
22144
974220
255010
824427
482511
564480
363458
263486
264032
813445
235680
848410
87456
513413
931851
163901
746066
809081
552343
644227
539265
871955
278825
460988
941217
896597
331029
555679
94616
592703
394584
129924
408000
441642
158338
353428
587122
457244
263468
450460
277871
218533
881390
781873
694475
231006
155655
271395
16009
436287
164028
581792
278275
730598
740265
329459
585739
526987
766303
207134
333821
693882
22574
48322
322251
742909
274346
67596
69856
251003
438791
126281
930111
721216
656597
724288
632558
925934
469406
668103
113385
506043
681337
652521
712323
193213
676873
264225
360603
847385
370387
110855
610624
345335
337928
49496
742329
441150
655652
332652
58292
934573
493116
817810
414134
235168
904195
573411
673445
158606
520778
979846
189859
60189
50463
399932
207540
487523
538375
934882
30387
257727
110867
341528
618624
45184
334273
613008
843327
326559
22102
355540
105934
331716
329304
746708
382468
379292
922015
454111
309872
715598
690962
790332
605507
116245
139735
900399
235598
881176
302809
997120
825802
263543
460654
676204
36735
995153
301205
780685
473121
316191
861648
950582
779848
625342
486884
913390
989158
478819
256086
642130
140673
611812
588073
888376
506725
789519
505629
474942
527163
186249
575972
5560
584412
593031
371363
170360
789026
735850
145256
90455
577149
126826
824536
489120
95350
973948
204061
191437
153908
34528
675939
902568
78595
782231
851101
386496
468242
547029
789813
678422
700461
346587
723633
19380
813361
4037
92089
417774
300048
480033
973937
150786
44772
395633
616825
620252
643620
431023
768594
641711
250948
944849
814415
675768
769979
540111
666234
989161
782649
76627
542344
875604
462291
73489
165421
572861
986181
744657
717363
630433
774510
924379
427454
677441
81685
278005
969337
468388
496273
573744
142866
