426 298
166116
227736
583526
785198
331891
66754
968391
72650
613411
937016
409455
441447
814050
229435
876657
966377
747107
335219
749922
481789
868349
465409
586995
286986
415783
226044
497362
918614
703851
596916
826845
422635
509641
169668
717522
9740
783750
767968
101395
737699
558357
227239
452587
814292
262045
968278
564072
631551
508238
120580
552222
526306
13667
133321
604273
279428
869284
855140
856910
512543
633410
223869
92665
690927
565609
418141
128443
935869
114924
529021
122938
496752
699046
608403
781589
824414
249639
406181
138207
173917
216287
332296
462065
35660
630506
674977
414205
256151
939415
707027
864054
269756
357758
526858
400298
178952
993621
794799
957285
174956
303219
982839
673377
731782
37641
890438
469498
647474
547572
729647
58320
545115
347011
396066
282298
433148
804855
704143
704412
714555
229504
868497
515925
429100
742107
251597
509523
501039
645068
846017
580953
978278
89557
154339
513478
890767
18074
765357
174045
685440
159356
843829
202360
957050
425963
683469
405393
660441
258223
340940
894921
668653
794413
451697
75587
124308
913926
306043
463997
174380
415507
690100
192141
424010
585277
971769
845190
649378
980922
917715
682287
15075
854708
836641
597944
333669
49006
28240
786628
441915
760609
861260
277362
457051
326049
657613
892428
865185
114777
158039
214670
323669
91544
408999
477597
469033
927355
341145
519370
189816
631029
605106
313392
273847
910657
950976
347297
92156
452066
12483
852079
629608
268238
918622
730279
357828
250978
22759
680920
932204
740978
869886
9203
862194
672354
526270
403971
581682
859029
751698
825437
12457
438067
918381
767408
881527
850100
132678
419535
631655
670215
560804
754695
834761
195664
45792
772034
617648
106773
419580
961414
844585
992266
17973
921399
179732
312441
773862
27461
178860
886864
764804
390049
322248
120435
975816
597820
262328
721841
993034
82748
572096
202847
510394
417562
117799
163055
666957
196519
601368
36726
77818
691985
754218
800642
408309
722607
658902
322321
489842
303
558161
594188
602659
404761
441790
225240
341391
892876
683610
151734
299798
586469
77046
872594
489232
123569
447931
771867
659294
115054
151577
746860
393080
347424
467882
956290
183847
308308
553507
121827
793587
55854
450677
91486
983901
419019
657287
367668
516536
22671
873832
299863
774304
844363
820131
47402
699539
13982
548540
500609
214518
874858
83498
292814
558823
549517
541249
94152
254168
927005
659365
611019
738808
234093
633467
869994
491125
257965
835930
408144
474229
472620
4920
282378
99815
931190
432145
325638
866071
121344
228524
225853
354172
740743
615397
593500
159328
420206
206967
314969
458250
429013
401907
964630
874897
613271
228355
2372
911060
113182
718315
354367
678816
56443
405765
825454
981752
223898
991516
350080
394631
915687
21443
22271
451744
55978
276420
603876
322934
679072
450514
146894
525235
663398
701452
469865
747120
379153
603378
835421
878709
75344
329967
472745
