175 175
49061
250724
369368
498097
769775
370910
307627
794460
309084
412878
183730
713780
181009
756645
992369
938522
98718
136314
334832
464674
337272
196247
946899
211839
491787
671041
108595
317046
952943
384568
762017
415605
424033
381934
9267
288760
803323
344399
203927
665065
50555
105257
205748
155665
197806
401841
802443
924156
894259
659619
999357
701981
14937
313750
941907
942076
768140
122268
425947
634717
793698
696622
355631
599482
103461
665430
726943
774514
677482
659314
495694
223524
470812
919305
323722
2814
3367
878374
907353
868000
959113
634247
303268
104934
662712
9406
717003
321785
317354
997570
339555
19173
205983
26144
203790
758753
823001
324528
355538
79005
475492
247859
827327
722090
456552
282244
870610
172744
692191
987832
376644
509070
708924
252578
126002
992912
70733
504575
204115
309689
226666
413164
813039
748194
153708
217849
605491
384873
343957
393226
885059
719495
514620
1988
646809
560357
359525
258380
167758
493607
806566
24149
955674
934595
505480
902961
378825
752627
102764
277481
288183
836171
620922
327065
469151
845450
654791
925834
19121
891436
99083
12851
838255
229790
976127
193237
128257
609577
61180
877418
908140
317205
730151
223723
