644 644
832000
919096
95981
153743
437833
508609
102810
729661
282579
82215
482701
632516
554820
71553
553344
104146
653258
193283
660745
631621
880252
554518
42411
673449
510614
436237
930331
886051
561917
759891
122908
642802
419696
933471
341234
316450
19725
281486
409246
789745
528528
387370
73947
304057
219131
160124
887219
808366
86808
440673
875874
691504
596302
75241
807291
171918
229783
251768
177036
272070
200491
672316
59721
972106
193631
308881
390755
862169
447176
848594
178627
803450
941467
941172
570672
301496
898227
401947
831722
109283
148887
746588
260257
785172
543659
183589
924634
923521
876058
679996
412659
81768
134547
483913
257044
128680
301652
636697
842952
194939
429921
885669
635699
159995
646317
622557
155284
648000
38391
938430
889495
289232
504874
894902
147765
518960
183266
563413
912113
848670
366434
433654
812847
211156
222430
653587
501920
171211
589278
991670
555608
988467
17908
838139
985937
897142
23881
600109
739115
219460
832906
510781
266216
662657
502984
877201
459678
230009
888674
38368
842064
162360
716560
64622
227095
499557
181087
329772
355611
864407
825716
890624
804008
320803
245353
328740
829244
924497
730137
159473
290613
431945
977951
170660
684186
788532
523675
860860
970610
914748
72978
407708
727867
556776
789040
794795
133751
542623
352154
435403
310937
584251
166025
521270
31133
428479
775506
68299
151474
443593
307301
600078
566205
186800
800366
62122
702411
804405
297979
929576
126207
938976
975874
33896
507982
209694
662813
541308
931034
982599
194196
577225
906767
448514
810909
87856
268544
360635
788535
872864
332119
371114
490446
700112
339806
850982
285671
929359
944411
341692
33187
443103
557139
563281
683206
322186
369028
515460
771685
172164
291233
457010
116362
47891
259203
233392
426339
168923
322044
233498
805840
351232
482262
924715
421767
56870
368785
826766
138150
710087
634606
117527
934958
547604
233544
328394
703652
134436
577844
438606
585495
49215
15641
665718
64390
424593
341800
475874
670420
470463
762719
669011
152580
538326
633076
172137
199255
540941
783645
822332
74929
120879
892733
199519
108825
629783
574577
891253
937072
687311
870048
875501
831499
651011
795141
242791
91129
525820
737030
437470
822135
284672
120849
247977
383117
978454
71941
321171
5151
969035
613719
722980
605814
491057
214153
457752
434370
744453
439476
620903
790174
635851
554107
283461
319299
825818
580198
894413
463174
276802
914500
257411
949007
183491
496842
564847
712317
449611
905169
854964
175943
747256
662596
172013
833590
155927
724964
340796
235599
918928
105420
867698
816934
512746
105541
809912
835916
36742
216840
608384
815958
357746
987879
323992
482675
653403
104032
109971
239137
101071
684414
843395
53171
242355
644724
16742
294288
280259
406209
359124
310997
447634
178362
936800
557538
106468
846033
150750
302079
320125
258599
913107
439878
548968
221402
16069
450968
776130
701749
535624
200469
787192
953951
598068
819687
123633
443728
182160
832457
774651
776386
354192
456591
936516
477034
372121
179819
170609
468295
581824
70102
597763
346722
904508
965176
173729
667608
521148
754223
351875
676690
302455
144679
271282
57887
657621
491845
180359
777885
30548
716953
59783
57740
433986
806802
900108
4374
444740
564165
195661
85690
154856
55651
780219
572315
119935
941781
643155
512985
809867
782557
681339
714398
475849
735162
255708
384244
508634
907619
562785
170627
642305
983903
609215
739127
599283
406343
479072
869973
318340
934661
193242
178687
329122
340494
32062
462370
628337
183902
366673
357762
733483
855414
930358
145410
804872
777754
990077
7317
572989
782457
373230
906270
215897
119603
963270
788283
28027
110672
965435
857773
805823
673321
874245
571052
613041
404963
13481
198447
279825
803450
230092
961059
395080
127595
467784
274792
61136
515521
799164
243176
234052
408220
873541
210199
436407
432528
56751
174776
362231
457863
489007
241741
856014
551286
799411
368681
212237
659904
733998
775084
792304
939703
845930
593243
40846
167036
348611
233456
902168
674724
486614
496398
796837
194650
22216
317097
518663
968493
973778
386919
271073
760064
73849
799735
739647
525262
446275
327014
880108
344224
396376
601808
894293
440776
506153
321587
557448
283981
318771
260703
758215
915173
311158
412918
726241
733976
730812
536788
198239
83120
382755
122775
447907
285522
379273
975937
993322
699104
948209
205899
589990
743789
34875
471054
154311
189246
836861
684290
683037
237697
435470
656982
