127 44
470111
462989
908922
670487
111720
117661
243567
314328
827637
777812
40397
15770
765196
451023
70421
539137
170253
885388
133555
172989
353444
459041
524791
433543
233249
99954
573878
825719
361247
952591
115801
440083
458173
59793
824185
148412
355573
496077
805551
303548
986905
212426
219545
279694
164077
187138
437825
894772
711662
921360
237170
77345
683192
455969
760416
84034
991517
325248
45446
418721
939426
166471
681735
703113
318086
390364
213017
497798
945502
344520
995389
234432
757859
494946
708078
228481
981259
307860
995308
136584
576311
679464
319305
978606
446337
497021
743913
927416
611536
24588
613818
919643
455014
841324
583337
56291
957478
269120
721211
591578
649082
185737
829492
808685
873432
961106
458068
665980
487110
931503
50893
435050
12303
460585
511352
613173
287311
793990
876336
887366
810941
902162
402781
994877
166332
676453
