645 291
672910
447083
501767
439878
596221
62707
768978
423551
764733
2785
519486
296701
285214
822431
53952
797257
539700
604144
105973
196410
728824
401226
949016
437866
420879
600467
58565
75316
688476
563289
266110
70171
407477
14435
717547
878745
488272
786625
297590
619810
855273
614072
117917
55966
572616
361585
239709
230125
485589
16499
308713
463012
500241
660178
999672
364872
875145
69998
575975
644748
422613
857950
611215
417646
857749
587302
969775
884229
276748
953860
718653
843513
781584
790623
597150
815364
410841
231218
356947
949288
72305
155890
165277
478984
97001
850229
647651
526921
781574
789939
323759
100352
816991
276922
385707
495226
692458
885831
193337
686038
251404
175498
787856
682626
755576
116045
124182
348181
392512
86918
624959
650988
628637
974432
278118
703523
312480
843366
895786
861122
41187
883692
177399
928278
421055
926500
523909
980056
986224
518261
458342
195903
840510
597545
56134
245125
106414
908696
187618
546904
444495
418290
394696
690113
570256
403352
446546
672970
929326
370025
834111
497973
166310
109595
805290
952309
120170
933005
994650
832106
551348
988001
664393
340612
452743
480912
840733
462900
265679
296270
40350
224792
809572
202732
78817
672990
908265
648093
780888
651653
159339
864408
144825
753609
591436
340478
582852
386698
380363
613018
400423
631720
677646
853309
516805
863232
874819
393514
360416
848353
509115
334499
148832
765400
338265
717860
417596
9180
674986
530574
188724
314639
840909
80773
474327
482747
895514
356576
773529
87455
462051
833634
879416
291739
262454
500399
153366
885691
812503
522334
273012
663032
461203
893722
618103
345362
559090
206899
51078
709845
749393
439707
898484
889472
110172
605528
517430
447554
135062
36657
188627
873444
299629
530327
631826
833659
535857
986373
878908
953794
414437
901246
407766
112509
101524
718860
102767
561832
767014
803875
171145
734311
884790
393079
162054
272706
129911
362465
50390
874995
55806
270887
3895
227938
361973
388433
714744
58184
584072
134863
152730
768157
992891
441969
59503
180054
406600
869833
493696
583268
838605
603966
458835
256364
406076
322897
855514
295964
73338
402246
101671
663325
771621
227233
696000
554043
893671
950435
198158
187628
847862
938856
892518
623646
732906
462229
181838
770620
130711
804642
393932
978470
853854
445545
386266
646783
680992
264379
93327
267463
168575
297307
836150
51319
186797
655327
866702
716653
602432
758391
281655
78188
908140
264224
411157
19476
97885
454862
133163
536630
68656
403542
740334
454698
678514
79474
402429
280535
801796
178608
828784
830231
15775
763738
856564
462322
847904
223530
502684
751199
6820
515511
513845
846951
557283
904764
842831
22222
826425
327968
55725
974971
737031
543218
901377
75565
513097
124813
561647
152604
687741
750317
404805
652601
741866
650013
866301
368293
465569
221263
288050
167168
539077
551740
918517
552746
375607
464989
431761
220305
596978
696281
975407
596189
581979
977659
537433
988614
848698
465705
354779
231417
356715
676028
45118
271599
936604
489122
807392
336098
23022
110336
729205
801537
678304
420433
244421
932879
387822
233096
209866
138346
460498
23806
353594
56068
767465
486493
738328
611411
34715
106573
592218
738685
864163
679967
302674
402814
766642
772845
353888
871135
158939
403868
18058
772001
101335
691494
935474
969958
887666
709418
102364
889688
61959
407896
671004
996160
500319
163000
573407
48234
242605
507
57321
776130
151668
978071
75381
182536
566274
179757
983899
289606
890999
417007
530593
574362
62780
401089
384870
672124
358055
321015
536540
233058
371581
951414
45729
399533
383769
738974
505154
256557
70842
502717
508634
199630
812890
420495
228520
336381
456993
498628
334511
347265
188788
617222
115972
119028
925661
711832
216797
710138
991129
451635
666096
356202
781698
81347
627720
680443
87090
712716
831810
932156
609855
331144
4432
490802
812134
777990
117741
159385
849682
995371
400803
442473
219490
492600
156300
783106
20331
738947
851240
472811
710761
190712
851936
475794
437298
708283
163917
854840
295731
518988
736518
889834
151413
211968
408988
347512
251114
410641
786290
278372
779782
707139
501844
135156
425974
942025
497981
382539
571186
454722
53025
616188
559216
32668
638114
631362
139996
306091
745565
924111
595718
780613
820995
941789
524071
215148
310529
64965
159877
964610
606396
107397
156187
945993
661959
852551
881055
133199
259168
502156
621311
363089
98291
665184
265723
629293
346633
978145
