887 887
875063
569836
327051
895214
945928
210823
643264
394944
935785
975545
758712
869164
779736
976608
26128
998708
670196
400694
410833
106757
646645
605037
450267
434558
652168
52142
413491
297928
655122
218795
443837
582638
661797
695169
386220
846986
243282
451988
999136
880980
456370
559593
299576
473884
207120
84407
740388
721274
838468
494702
406082
598172
843660
31913
806830
321133
839583
107564
182618
719173
329239
814852
482640
164036
503751
82447
522481
566655
112304
767488
725169
514462
567206
853158
574881
598769
28279
39537
861609
969085
25128
575828
678006
737705
531578
692039
44132
782823
302319
741105
215030
578257
670580
919101
986750
415274
75057
946057
386805
526345
848500
51616
457067
550596
466667
908778
165447
90759
617859
163868
312415
859137
855717
160740
252178
352061
388021
876593
861520
921940
302902
506131
373558
400271
191574
731823
772487
157595
848822
73381
422479
602721
348057
419283
285844
960186
178743
858303
555098
867730
171872
127742
20752
543674
802602
740245
717624
502462
659038
79724
47293
248851
864230
350110
217939
582557
963620
804788
443623
186274
754213
86696
889133
284112
935235
793429
27452
539045
963379
560679
397707
398995
810451
409089
612024
674516
179273
544663
682185
826467
491276
851038
159855
638905
122483
29586
899124
738817
82367
520553
280250
991647
141238
613261
949258
820106
314349
379076
400585
430631
549570
785740
223901
636812
227670
203738
731295
402946
551029
48572
117218
173366
67820
681140
993211
798721
268856
268112
343500
899538
317332
773432
329574
395741
432300
946622
359895
699916
410048
34894
417400
62205
127600
347883
809101
46001
94444
835863
394643
260986
91909
26687
471218
172315
41359
590791
524772
381498
246879
601185
340916
409306
503507
837971
363632
459530
865367
536131
384814
408757
915911
540646
97425
545490
993570
734865
164652
981471
247237
636992
601617
129243
475805
150355
435884
248030
35941
768787
573464
357528
928478
176596
715986
316946
358177
386901
971183
939160
398868
355708
497417
49985
410329
304206
875373
822686
203171
347344
46884
772395
285163
179195
795428
394643
249985
279739
505017
949803
502303
843810
494347
922813
247844
6838
172226
276963
77950
142908
83766
545534
790449
405141
270897
86501
272513
130678
785594
795198
248820
796086
463119
260080
608382
318687
946948
771620
884829
193390
762510
29878
337459
103873
427800
613811
803266
145084
47932
118423
413819
995787
811536
446637
162113
876761
496589
973735
627344
381275
474779
464844
400557
906386
365280
562175
646524
690100
642584
221696
929333
648043
861782
848364
90381
905794
183390
734578
333469
35785
726874
320370
707423
528193
238934
209364
135763
905440
329080
697926
485866
129383
904713
130008
781704
626722
571231
833726
862416
354762
790539
769309
801812
880739
301220
438278
692831
916917
187993
475692
713553
991367
32735
814635
48892
737528
310263
695408
478273
659542
692633
527505
163473
46986
782932
548982
809181
481806
682747
979960
692971
950275
178135
339691
634136
248946
541619
621354
250973
823340
173977
92607
327640
651361
787026
964981
73356
399156
37515
335653
72842
700322
4005
652920
956030
789412
568725
606886
537192
148839
654154
97224
575507
661052
163952
820574
924076
964738
2821
628857
173715
920861
729966
746481
493957
220384
987301
56667
678487
193619
252544
869699
734310
277143
838361
910319
482812
314649
325714
89941
693184
955326
81199
951391
260565
348592
156928
695831
941568
813535
490907
562845
64272
537214
841854
81198
483964
379254
508913
939923
189179
207424
59620
343473
494190
875887
378434
508265
65245
845947
774783
754015
344220
798205
132035
185473
337419
376806
223546
648184
839035
324611
384086
381318
760724
261192
433490
398930
168380
784481
45880
467066
255304
489002
833784
52955
58707
943208
661108
298050
128250
978495
451201
731441
747705
591295
447981
742186
90689
92257
364576
42395
782769
101808
350118
952239
234957
351308
849318
334481
257350
127384
39966
114225
339851
242853
837456
536750
884166
232236
991277
21573
172960
500033
146785
948985
913780
248650
934644
499980
810068
561880
549045
704605
964940
287308
387386
973410
973253
566750
106413
666171
263920
566927
598942
926379
454805
949399
937990
31464
92030
884629
632348
236622
245963
395516
178502
233904
281169
637615
343491
34748
66842
655975
955934
526052
874773
633746
349452
666787
739670
35807
514238
670319
338806
139319
589321
920746
53057
68220
9714
108205
260859
58061
687516
984570
608201
556477
711304
411224
518852
613532
245724
91544
41225
753163
212482
636587
800353
276822
410264
569440
882714
950689
896964
358367
289027
36324
863699
553886
23416
231651
617246
69395
916695
555677
689996
663567
443027
697758
873481
771481
387247
390630
515114
85429
152272
102480
607716
216656
191016
53187
939272
341805
206515
408008
176011
391118
393708
734291
626637
108669
40613
234161
302196
998515
792196
258584
75793
622980
420846
605542
934091
158938
100145
608907
100082
253050
676164
136026
593522
114259
480503
390760
11471
450395
332727
655971
516596
459654
232904
883070
145167
725276
595499
180437
491725
805129
729822
331891
427013
947866
565517
225574
226384
179375
973501
288236
587885
278239
566219
63114
783739
403859
137967
118327
42426
323747
294887
906204
334503
668724
810660
816623
2509
343653
864828
136752
572148
170004
828311
372396
686558
160085
964140
952243
948766
858052
677495
752223
942893
247376
422948
312125
629869
994830
603108
594336
310029
664337
486126
941229
692930
847917
846310
82707
994674
320379
247852
550669
620806
151139
427441
989973
57641
78153
285984
250659
326580
785355
524904
819534
374430
16043
463159
277247
694297
438573
986308
710190
45402
179199
546828
784847
280677
748763
320303
155694
297136
6079
477615
357662
61917
454145
761284
630544
525422
446467
776010
458819
89561
282071
745565
637703
230290
314398
347710
811774
992440
497899
239893
82286
95406
959446
933651
9553
199399
744648
310782
1995
847475
984937
608884
246483
450357
431015
550523
367609
176838
700832
497533
305164
34571
117293
314491
67309
358748
191318
804075
234500
355039
54422
286000
191387
872968
616138
602227
886647
