937 14
637729
581328
838600
478649
796506
831230
47425
887272
776719
414689
125171
252205
600631
277246
267594
560692
347053
221435
46409
952038
2611
588375
830799
37176
329677
5541
692173
284255
866290
931620
215510
683983
621979
257194
196905
42199
702161
715536
903725
100634
116693
244578
956934
826736
478024
14242
704181
809510
769578
89293
6838
370645
915411
307103
580450
776240
983470
727656
120468
409819
35831
624119
838523
898973
816076
344090
99465
679774
670319
494983
321756
359243
240077
205341
79884
582716
564326
843504
878414
958461
303627
514275
778523
505292
887561
464797
928304
241134
346343
489516
64443
783800
723896
361444
975519
309791
706985
201839
122059
835700
872322
572440
898180
322060
632439
646857
206963
595212
982866
257049
739287
808185
439166
725230
231770
13070
47220
440874
408904
758939
632471
769517
246834
823744
354164
13920
31921
414929
839591
96585
633621
425218
354906
727879
534648
223356
704555
438663
524935
462516
929930
195125
398505
956715
17222
813343
562665
720256
282153
780058
47993
901752
753690
818416
121403
666183
552226
666842
554595
135582
732903
960354
593849
365875
339256
581245
81942
992850
630124
941046
624892
118309
326653
808089
88200
931546
349892
991486
618482
244695
576268
171372
882722
862526
460319
746320
16492
125980
737357
130063
934033
388439
284555
513835
691413
923240
20366
58132
562359
670502
306976
482707
17369
614347
422377
810181
445973
474287
701125
799930
179522
446138
297133
620939
666969
138362
325068
109393
46997
405391
149974
100635
986901
10496
733602
257671
380297
455231
115532
951030
43054
89317
884874
967452
214163
140894
75496
391016
264964
986711
354640
39418
297839
887172
899769
315715
990968
17284
380252
402842
299415
143098
38783
291832
91717
161120
394639
819404
608421
890946
182472
277233
840468
77689
523107
565072
680396
104179
937552
706412
754217
865740
234095
180025
751317
3681
938248
945186
110590
258107
195571
4911
967966
846395
561173
376744
244508
884051
119365
442555
266691
723300
573631
27818
679283
852282
594861
335064
475159
672596
191071
534516
561961
484839
402327
549263
726233
970964
744046
525941
420791
445525
124085
550818
480557
846712
238214
31370
157436
924943
424385
856612
726383
249435
865666
974154
488402
769296
853386
992125
319574
627939
929401
986863
745080
201447
517386
868666
520668
50382
72409
884693
441209
726498
919768
533933
545262
203786
445650
400246
420627
546666
433815
843539
54686
234601
575532
850895
962007
995586
78409
587917
717489
96582
464234
71322
212747
146726
142925
230584
503619
535868
847890
689528
406981
95318
604756
38577
947641
497953
771586
222871
691443
742357
937849
100827
555826
154915
853727
460961
24425
802607
292458
154439
306368
223061
777205
65081
178330
749290
33657
12328
513904
227605
619659
362143
67787
165894
402700
724471
322161
383091
482250
580844
610762
209677
28853
703403
974637
792470
563057
701764
647973
703759
797348
640738
529559
285665
231832
654335
597562
256359
87871
455640
970669
732210
744640
436844
916048
955299
74391
234842
227044
164607
230558
518925
235426
756000
73994
486569
726697
523245
641962
226455
309919
145939
629114
472005
562796
215016
185586
957479
339635
626962
107266
722177
852882
264923
706278
932642
442894
721756
794359
219993
902942
796310
241323
196112
809514
404214
96194
605279
113868
534150
624935
717553
785383
390992
690545
493441
6831
249564
934579
907347
668221
548363
973376
648296
290545
37942
989668
537070
449037
46270
303868
102662
955314
37047
426587
190549
455594
472312
231612
887191
227869
231838
31694
458451
37031
622052
393036
998839
834917
5385
192908
217803
798152
145718
73113
296559
528850
750510
191693
452284
594980
303626
348641
458641
783333
886251
569763
629237
983904
416682
710351
59936
98624
291652
348096
234808
392955
705512
211430
269454
714331
620059
830647
386641
386242
338225
851955
211332
269994
202675
953400
309172
111721
994364
541377
677102
352927
212058
667517
726640
262492
48346
257768
818623
766636
542599
634261
283682
461968
370071
48070
877669
221423
768453
667910
212484
152799
376434
488913
244591
820836
349199
522932
564974
42378
403956
756805
748848
53099
370950
53301
300473
595008
775622
874162
155819
301712
823023
389771
142527
323921
992773
73327
596469
689157
627420
262508
346514
855740
484853
590549
333938
243404
210577
123321
60414
357744
917170
585270
688043
687623
57692
709133
562821
848296
125208
113540
319958
187123
465002
780571
931297
905457
723602
661896
883573
693855
99928
174003
986679
217018
890192
754017
653748
135794
252645
223661
846858
351379
13517
887637
285002
829181
425312
450242
250418
998662
658218
702578
451937
398442
234146
417124
110889
840283
713408
70563
610314
47201
221497
648563
979156
528786
203924
905689
911333
129290
32832
139687
881528
286759
215721
496034
195540
553408
59532
753927
430772
840154
107934
512036
597993
377425
772081
128305
689019
1744
545236
466845
56157
470219
12626
706744
395100
978245
183504
741056
499828
969842
691785
679789
774925
763711
792582
373613
283188
377495
309382
203945
656831
729823
930182
23819
667076
447668
49066
100411
992719
67105
788728
768343
740808
685508
326953
400918
721864
3886
591352
668235
18386
193701
812842
319832
91350
451979
38361
439272
388774
647717
181087
635244
760964
249590
112367
361970
853089
940559
590176
709624
660081
516819
471607
626694
238422
791843
828294
804497
200649
527134
529746
798129
194960
833491
588552
778198
942321
596215
284440
689018
449838
675417
735247
602416
570374
868289
72266
894112
211313
282075
177812
624321
914779
38644
519137
706948
458690
592557
403824
884629
394707
419266
868505
789494
997431
129143
222841
618905
427502
823344
283418
733533
129950
842368
535461
66071
473853
50464
840839
989291
996246
515123
127243
387703
359924
275066
962480
44985
776973
79692
297374
375615
23866
708484
1987
559462
905658
692789
569007
611651
211184
492566
967771
614872
523268
839359
742235
70646
731246
666412
148648
80013
514442
46585
664574
213912
256052
409102
130485
546252
523168
876318
622016
324058
33588
589603
794340
832161
685933
824981
895005
879207
287978
581179
991885
305186
404578
733481
896983
464171
359861
15624
870778
329633
760064
97359
635952
840012
375587
291474
748032
169470
677707
191000
784231
381674
457399
346862
409014
722098
965701
992075
489949
672022
659027
508138
916938
687004
389835
311321
908268
907182
108100
52853
741212
98274
338095
300241
16751
874363
344147
876872
239959
