777 696
371766
738064
270845
740468
371183
101217
191853
942029
270881
438163
396567
207625
482158
974896
133859
899133
85859
904264
674099
870349
341767
778519
7870
893190
6692
473062
346607
641040
308610
413739
946245
713649
62711
776678
114894
625599
854825
672805
621418
625613
166239
449454
512228
505086
264323
255215
147160
540349
3890
815443
385142
501120
778195
979115
333907
544084
816157
356692
184467
313977
890786
137783
294891
442467
355776
682428
218861
363750
499869
147425
421723
118710
469700
109301
484772
266970
613566
52382
71232
269391
580695
297685
248262
988715
416704
679645
765013
144192
644870
458275
973707
317902
272335
48470
923776
897969
651934
157085
678871
291941
726930
180115
235164
176569
339956
904509
526774
614197
849843
836833
299933
415588
340859
526742
807822
733181
113065
479153
280935
580218
191994
683618
700012
873338
693739
379628
281004
656320
316608
29382
573639
259050
585157
887598
18304
165928
537722
937189
877830
779947
861485
242626
345075
772916
56966
890331
671517
931413
225700
997870
13604
61673
269458
536291
435999
299040
933165
721069
2445
585265
786108
66102
308741
55748
598989
915932
420246
998022
984413
834075
435428
479329
44455
488246
754307
342628
877251
457087
884572
794442
937922
805588
471175
211880
331533
198529
21277
480616
946046
886881
881197
826998
654143
884746
303225
445376
140778
339795
962162
26321
752689
909565
583735
692799
922774
471895
309174
934327
67057
579132
815569
698775
128432
706582
819895
771932
296888
144893
230803
337556
239224
897518
20561
997011
832122
618397
378451
820851
163294
161430
948800
615176
645838
702775
629848
977068
173762
40151
770127
636342
932194
232366
378468
146377
914073
341723
407272
788850
184904
398928
898946
239193
732349
270135
591973
460405
379767
923641
753056
757216
427850
303533
833635
271487
484084
85576
938996
385318
135167
382468
108934
965462
133553
147198
330119
338340
923959
982053
810101
768623
610636
84674
351983
181296
26989
484833
685738
664125
745135
857321
872041
996585
166902
258675
619722
6961
608249
198002
482266
764649
655267
384782
510964
638744
967321
678359
908212
914628
638794
976411
690132
225499
700893
335247
266104
703606
744740
136158
73190
19744
970240
941176
387629
766089
913272
829452
709154
316853
306287
608736
921574
691088
103233
540249
674465
114423
385435
112260
764972
569647
995824
855803
99138
116324
619355
901995
439932
170789
413082
108421
285916
355829
917893
198960
813503
141786
641393
756736
112173
304028
222581
431236
510292
587164
361401
81328
293062
812950
956986
922792
77653
816082
553891
152894
526302
320661
493282
980458
56198
476560
610523
633641
701396
492413
900115
917940
778342
732744
167782
790946
248391
413614
159491
654122
202565
360789
558172
245100
905510
364689
913277
73287
540859
27636
727659
328974
932447
848565
892257
579137
109106
84841
942247
428661
792783
704035
55565
380786
296226
71368
65106
922303
714163
405512
301727
649432
589581
315027
336057
639366
988534
895776
793640
857778
551513
877377
996083
918774
400773
941948
394897
314847
197058
507413
430876
820563
246076
950884
581381
584511
255729
163820
583639
648228
955212
490819
883757
971913
844387
376887
57958
675991
529157
789629
749574
35690
407990
313184
722073
596979
973835
812868
245535
362218
380489
976919
389620
427602
923033
203025
982197
427284
276944
390534
841951
155853
765150
940430
389718
622780
258287
436058
431188
312264
427804
581788
168792
704405
479663
629011
939614
971134
256758
750210
396776
777707
498212
562047
808923
446357
393658
948199
629310
230337
173055
835005
837143
133311
995538
46849
231269
883481
701024
474813
393433
586752
286053
555779
150804
404150
674670
259551
867157
634222
915210
25456
428894
131396
861194
816921
486603
794570
670052
546735
358710
107896
978750
466420
624623
100257
911992
464267
855592
855954
531097
305285
415578
626986
466833
231458
192012
918826
284999
258697
187332
258058
187208
2634
161071
993958
366594
68427
839882
789809
880620
585285
327250
235391
543341
933004
487132
756660
46902
488744
378666
67024
943483
499119
151948
615688
788612
148396
984500
884212
304358
5775
74617
922338
826114
878563
931826
780155
756702
491840
759012
38596
638386
252611
783046
509923
251105
591891
2458
107784
230934
420375
392388
795139
787067
470742
696952
864443
259191
96348
657295
683355
735902
731059
401886
173874
223091
157427
13873
716781
996639
899279
295515
312308
492031
926773
814819
15620
896869
759938
714645
622550
993745
258415
808734
496244
67699
722570
141102
612045
183259
47154
635319
638209
948310
711189
468609
468908
650453
994265
394863
376386
759865
747194
481623
18075
834473
408391
624112
604496
306924
972259
203892
16035
923738
281595
903693
465678
783371
338027
413446
448098
231390
631556
262254
102352
950520
507065
311513
824473
868009
934591
538009
490226
677263
122434
929592
911900
486201
976104
960593
117502
620027
878785
699350
961167
131488
829959
357144
110845
349425
305016
731594
59920
111308
357720
692162
101354
612937
541531
674240
776073
324507
728440
897275
72150
369396
278617
872253
787749
636317
321392
39049
280298
487170
316794
627317
744338
728939
15955
206011
948499
367513
887092
328460
384687
45219
452062
391053
174719
380824
743352
922247
389339
536581
911912
622065
275884
793364
768915
202103
839848
678216
490498
57129
231271
618864
281345
481644
650809
961586
121219
