738 115
545905
988821
810530
132165
71975
900646
111466
589930
732709
996944
914439
734255
59877
688900
335474
64808
709171
542720
753456
785896
327046
404963
946822
344278
68102
997972
422906
459953
831586
605402
108532
564382
241987
119274
441067
926055
135710
615242
672255
458122
947067
169599
760434
450292
21040
803047
252645
857933
148174
74264
642350
619073
492030
207574
434874
687406
503823
28646
544970
94743
709282
732871
681239
551616
722908
204320
354233
547109
153266
230636
379292
568863
38439
6344
717338
643614
56592
993937
657082
596029
315643
405051
390195
430595
61713
470778
222331
618812
433563
726292
348426
500552
284790
228443
398060
981272
977044
477759
124080
413765
686085
189859
209727
331624
891675
153881
664469
401899
309427
648540
737472
142153
811801
585900
613288
610470
104253
335018
381232
270232
829894
572953
176106
209346
722883
432864
976371
217720
200813
599111
485808
371873
952751
894545
241664
670543
42526
576338
221306
718621
505650
113208
275125
525310
551717
814253
224246
250137
504695
716973
349468
361636
363351
786227
81641
954736
132414
268432
502690
865621
56696
901906
431662
370374
98361
960006
299725
444426
715759
354792
142700
359613
928288
89159
818193
654417
781397
594201
726025
658811
75105
783619
851993
624593
762699
830063
2558
305033
558186
871958
175055
264508
702037
337782
752186
680564
298650
357706
92582
293056
26839
520150
32921
826434
997550
479435
361920
826483
267604
36636
129196
644674
12807
898903
460396
829812
800330
192648
17684
301358
820811
513639
235454
666334
339982
619780
257215
454928
694324
305694
319461
996102
779886
961476
263267
870204
814604
61816
87395
519515
789777
461738
891122
974224
84044
699796
553428
477427
887582
209382
112726
510740
309579
633170
220348
78606
523889
455160
397270
262014
305248
556616
408963
871450
425757
986071
688506
113045
988022
394533
549990
203468
798195
650962
704010
730713
400759
719504
286184
53475
795478
662802
337296
192125
652406
802037
325246
651771
604271
566355
816567
960084
464875
448722
13009
480497
194985
166218
853239
781611
648025
15870
456295
463265
733096
521742
398932
166258
358355
158306
778311
495119
765481
286251
84879
15471
369415
968802
443205
556548
821384
229454
884311
68552
56671
420311
937251
479310
91850
510782
568468
72272
880723
58125
875276
313573
172408
568245
604539
994783
780558
29206
722374
655861
93763
149064
510479
295516
368463
43668
810467
950307
5383
559510
382710
849745
587791
745931
493283
321179
723853
568107
617921
567944
132752
127369
125475
184667
565653
957401
444407
588856
418666
632935
156499
3221
495051
574193
45370
93873
262063
368857
693021
903713
489319
234921
678229
872072
948754
385989
845811
15902
275419
49234
243368
611259
38544
591410
815920
878976
544450
649478
922053
467088
319331
875582
178609
533114
294222
24416
169228
529725
275450
578564
872335
730968
133175
711679
726326
411072
647757
734589
120439
764266
557225
82118
711632
930454
617285
600229
601122
170680
960592
912131
945163
160441
125554
812689
442901
829422
897372
784645
438069
819248
719592
61558
301307
141198
485179
758389
326721
244713
732676
282638
892313
86685
253389
555586
36240
572412
761949
751199
766908
914065
883691
653182
444697
628853
623772
345957
993084
966346
396702
354139
242793
275594
191995
992183
215220
527482
281814
555716
757546
21138
373893
882354
700535
278484
239964
674085
345407
320670
913540
326017
461476
863168
703716
283138
153713
376900
535916
234290
547015
574022
690567
222902
984936
461994
64374
687987
594763
325274
932825
12003
65571
390532
877070
531184
443625
444075
750454
296256
200200
52054
610745
784592
361028
868799
902023
364254
907496
261726
877409
905922
471888
691850
231473
77576
478080
474862
995760
162606
252664
947771
510938
349791
447154
404216
464487
996425
788991
244319
836491
926266
55756
217975
419850
722901
948585
690245
619953
385162
871369
555447
94826
206028
526777
874968
526210
754326
350400
893830
13388
474690
700251
255697
351901
839471
906467
972506
280040
904189
353240
65495
6333
595144
699664
910045
682623
362402
475637
642189
780058
360165
448965
184454
441480
207279
387591
136432
253909
667262
146470
551282
373321
564139
914385
859009
959926
101541
227463
863135
742910
883524
828640
797753
42970
682418
88936
595505
516771
661972
293519
690063
666506
291287
419445
151223
632130
289213
178783
122514
596695
802487
511496
97612
784852
782130
32256
137473
829570
180555
957863
229197
561375
637621
810504
604019
89522
162760
95275
930877
678207
568408
488741
128002
728667
700727
324514
820230
294513
473910
47895
179341
708859
725948
403369
97327
53538
816576
657341
751709
432678
503464
58952
804331
333288
747223
601393
781582
89855
946840
116885
584115
353690
356445
60964
922534
930714
76010
198068
559031
526586
696840
302867
39584
342862
690756
781774
151521
257430
645751
855856
741597
34890
603899
547899
244251
436466
961356
20025
726168
479231
453989
467818
398283
309692
261331
676516
488786
48826
505086
608902
99741
717729
435463
550839
914156
439740
763817
935365
50702
383087
306065
516406
893386
260088
