357 88
399290
913269
466330
461769
921613
720507
873649
899360
554935
683280
353607
104383
801456
898390
327635
776599
713870
404116
829532
723311
693767
439298
285660
232809
564139
275708
285727
1687
798212
101314
264255
619790
228772
312333
549775
91592
316049
260562
904796
434394
566571
631658
584007
361464
66372
505544
185528
162827
304208
737317
943254
937770
459948
599854
108543
82642
947429
223773
408446
614215
159466
165126
74547
933347
875266
862204
236101
70653
39501
2109
120269
865836
698061
721251
453963
619404
400194
178507
49291
481979
349617
548235
261430
295408
919100
32999
354588
345066
991699
718326
128426
460802
878793
608581
958338
130622
345067
761806
462079
897431
598274
122601
508961
941559
19209
634427
234742
188935
204216
229195
928914
897344
936241
680039
6360
921354
859484
854833
959381
697547
664982
145659
456822
30710
154050
172495
878972
190833
563981
658181
350580
557063
739852
645185
870566
663615
563575
299630
386192
573663
568785
833589
360104
911313
891973
651798
825220
506565
481986
962212
298032
95788
415420
540233
7353
145788
579263
287565
991277
992940
200315
643135
323138
762866
341679
279856
348509
424936
737389
245330
458792
385775
167828
763209
342047
250642
586543
545781
479886
883359
462616
132925
954024
894000
744462
133132
146078
408329
739716
998172
966739
603647
78344
644361
313776
400889
732983
576489
763705
363537
231840
548218
151931
334877
988932
766504
123815
151309
668122
261844
391500
751196
488446
384907
605913
902893
557762
314707
650318
173274
505296
387479
760627
887185
463115
211886
120816
207272
600727
256923
120066
359338
839951
298782
108033
521176
748134
626363
669490
278276
22065
213954
511322
994464
45506
299752
296238
737262
244141
52432
98833
921377
474053
471338
101915
938227
499624
491413
732732
752064
786225
11901
941689
342616
106984
232982
333867
7778
227479
509030
890200
195868
794713
931759
717730
505363
562131
209213
769540
630715
319664
756893
492739
560416
126710
680972
739571
947178
163354
193659
292808
589527
841188
440274
466414
466867
797500
83972
839648
92868
597491
217175
713708
383672
866346
800222
587295
817404
866082
747934
501912
298199
139486
838119
171893
703282
48831
989277
353154
631421
507476
525322
86614
685503
818924
141828
756187
490136
23584
618301
686431
636493
725900
753080
790091
609066
14694
255210
987259
439255
837571
544319
866801
442229
233854
213619
768029
620649
490637
22518
421320
452422
312436
316019
156237
428345
