780 669
664459
856118
852861
899826
957011
230640
945699
53641
88494
971329
869237
66637
846720
536067
281570
519001
853679
469418
716098
24510
597798
874596
769509
99949
410676
205790
693798
507627
984784
730406
907514
997027
792538
976495
993461
205703
864487
690146
596019
331856
702195
440424
730305
105876
273347
467643
534759
992624
649814
394819
850211
624955
126049
706005
362959
293830
168235
808846
444896
192755
722579
215033
509031
709836
722929
172901
730453
518310
752139
277350
87516
895298
288450
184830
701557
467275
92958
344727
61980
759333
311784
634535
476407
312804
509095
559823
501280
541144
754531
127213
609001
250069
327028
161901
148935
459642
487249
654250
464952
366337
939493
25828
358283
488245
494736
881571
374799
105763
830476
196252
126522
667573
568219
247352
151901
298210
196159
464466
518183
954893
920233
457661
75191
323987
546028
885833
112212
426639
818535
872815
988967
782242
413902
338064
46941
730901
530218
483745
443605
302761
135995
481581
426969
146527
158749
882548
904790
924506
877678
711717
805156
574303
482244
917383
568730
508072
257879
800729
162741
734016
806037
530774
92412
310035
827055
402391
335199
538910
894252
206668
291045
950511
677298
170817
38375
21043
421684
262938
908195
494669
207440
21777
679012
922081
302541
81613
530702
839971
267918
174030
803646
461774
689662
177890
337112
80431
496294
339949
863870
636526
928915
124269
595624
499143
440018
645000
945270
334797
155705
751108
837138
240784
522647
879394
632582
39461
931361
296898
381159
313815
757056
517394
356576
269054
889589
548274
674920
448179
534575
198377
318223
684267
597292
940377
262099
793895
310436
914542
671049
238475
285977
500182
344431
394134
260961
488951
42109
770689
594214
214783
375296
167210
913954
326001
652063
592687
801789
626355
128852
294051
96496
927810
118117
147934
292328
529421
154952
862252
269422
59694
295943
825398
999068
920606
363666
174430
599115
104250
165757
488547
168820
750424
306822
770347
396902
405582
929419
367568
369132
483823
245257
503841
889711
816221
800237
431524
136403
142590
514395
162543
293650
885135
41578
700919
198176
438706
596638
522541
658998
885637
592712
668643
378516
521744
229822
245161
189022
9377
745556
474180
165082
897108
53733
289536
3286
716216
557622
111023
633337
598166
394822
276448
578286
666351
796899
328585
810744
322230
79569
652134
347591
781797
20477
701637
360159
744452
174444
525514
953056
202747
764798
442614
886636
154400
420503
941816
492236
455688
862494
895813
317372
671525
766292
866865
261114
98896
344787
199342
105498
904600
783621
273369
48477
889332
617976
773586
98299
448854
303473
725925
753077
799309
795620
878875
104264
502889
952150
657663
887714
730434
903440
842651
43342
910512
612181
872136
706421
305015
630710
420860
103059
241385
317202
402963
245870
316403
947718
86472
159705
21950
995005
301277
536030
295172
657439
476094
104665
661417
154958
850038
205275
789351
795345
695581
643521
859188
328452
40372
637662
202530
907180
812672
411800
464941
25788
608689
376359
204306
976809
207531
460209
151072
667244
78254
145128
502422
860948
599396
288208
786319
705976
656932
719759
770634
6466
850886
434790
521036
108400
953698
392530
930869
781148
413157
882729
77414
206579
68420
589687
790947
851590
873207
435754
23034
737153
177151
382520
505981
279931
317951
404688
103662
155774
514419
60365
671166
64753
554858
713156
19264
873884
782242
760796
875108
173937
343554
28054
528159
919488
792356
548530
915353
847894
866928
75745
162417
77387
151464
563859
265746
203551
85297
731760
199064
614910
737041
475258
517411
699267
747180
530580
827537
463010
445163
936899
612446
68624
403728
823150
74814
631277
888236
623562
186369
172508
764679
707671
775472
566991
377479
154586
908429
103618
633324
818643
134630
642007
756846
699161
378722
763697
449096
264052
231985
294440
182266
307671
838135
696465
856452
218502
156750
458812
899801
372028
220048
278378
606052
612470
423096
334062
983846
2002
136177
85156
59695
463091
133426
195549
610036
873881
261282
251146
829006
55999
647292
98221
257801
877201
205457
817101
165621
153510
859369
570659
828877
673823
986526
854984
217239
194007
980532
548176
495223
375635
917281
560889
581720
269452
390562
78465
487431
866267
518977
144014
461431
803653
994069
591704
672330
560720
162990
940713
118909
899962
511122
598192
457275
178528
598001
943405
188568
376191
505313
507020
980105
531950
958218
120239
693074
956369
515704
667098
888053
181005
708631
717922
361505
568185
160357
915702
756392
324524
951304
108400
989797
526983
971747
845782
254259
283748
496626
916337
994052
717251
423467
96608
587397
651814
222552
906028
682177
233880
462280
764698
967914
943452
785239
907943
40792
959975
32926
118653
426045
952572
702142
309807
63679
332102
666320
559710
376933
2928
729465
840307
742256
730138
918317
566540
836784
761737
449875
299591
709055
857166
439339
52607
948047
519319
810987
382146
519558
922365
968822
303733
242330
264525
627871
292417
423980
770007
358371
661233
838631
684247
588219
181164
348623
308140
260034
921558
200874
946082
105671
147306
330823
898298
670310
722222
872716
533057
309638
279950
401121
845181
311965
972851
218556
261375
545282
398998
318100
868807
498473
847303
50160
183536
642508
920488
122654
942740
501553
422668
28212
640482
740789
492223
73906
570511
360179
107959
125119
213567
192174
349914
268754
298704
498864
800937
