239
161
495
775
504
25
890
436
826
383
285
30
629
294
676
696
479
233
444
359
394
552
33
223
496
941
157
758
932
251
317
182
319
384
305
380
502
620
753
654
190
206
357
172
301
32
536
702
884
878
367
115
835
819
281
548
376
912
551
799
544
608
413
83
404
42
111
769
71
928
756
656
268
618
908
623
872
793
390
739
816
681
785
102
488
537
877
627
441
471
617
479
158
311
156
497
166
213
498
837
943
621
267
869
289
733
992
998
412
83
584
828
968
114
59
402
894
70
81
705
735
884
511
846
917
826
95
250
603
564
766
735
37
899
477
726
420
594
328
813
448
729
399
553
269
263
630
676
617
920
529
630
239
924
815
408
150
597
62
795
141
324
461
247
187
982
266
285
972
187
550
662
838
337
279
889
882
653
724
963
389
100
792
60
529
795
941
835
467
789
88
465
94
735
495
228
690
613
930
808
592
207
966
131
218
293
927
243
176
797
347
452
137
867
838
259
824
485
930
809
859
929
215
108
538
790
770
337
621
773
799
83
478
270
997
44
630
175
400
237
