1000
191460397076
726434826392
924636437830
1453076517
726684278188
331579056831
375008313840
925516635442
88832119823
285224416911
507052561126
252643519489
237374935438
530996185089
485271783499
59632279527
307946159246
428117079297
762067642848
495066521592
332270523622
526011921462
813716695806
888646716058
857063242307
912984718803
68722052914
96409200407
654514784286
781884532098
663816663371
859045286595
468126608606
393080087203
893852770576
737511908868
144250360502
973109179736
591268763291
613269905139
918005553171
977791656393
307998597763
359831392915
982749456594
506934541134
224422446612
11561672867
580660135997
361648604802
706533060453
963816554652
74970591602
315894175751
716703261999
158354533488
407616452644
153674962331
850966425565
380344737492
423268199211
861830077606
152526043306
63951711806
451128381802
50903225627
705511989791
585805156579
916864035142
78617738110
341955394199
207908806895
446212245177
248766092153
137854111264
950712612638
913862702420
992467703578
831626591648
317560530883
644717808837
580889173901
778834824361
603474466892
725796360760
999065529794
497465295581
651095509862
697203031353
223354315016
365246125554
5098289881
997605320166
461609436460
345171083692
749354660518
833988355808
365100498687
623599813515
232803710812
475397322448
835061348112
990994487052
488796092681
481025075660
683128652500
399331270378
703500052896
457691484738
745709971477
706652064582
495017463055
580431212665
387948651171
946111035902
444297127350
68630485064
211297640263
741166432462
703466694976
652987107436
819165924225
718561000994
813799910954
740468169903
293098159381
236559179784
256682545681
136461488996
718304293210
20016519472
502155072947
326818589503
42151446319
674341597037
3229006316
484648580609
367134002725
888219125329
965057878502
356536608244
281679134703
612577111844
1196041459
845068022707
423973263744
814032372680
872323845812
72089013802
549779259914
107197611294
313535094484
904135829738
442450346508
564379620021
931516710506
748824165822
517541302680
980110488640
360387862080
996556163501
964505995410
439873859845
928308663436
984837043815
236011423500
255925382455
304786152219
537014429507
639875988284
474190325752
224181337261
286758974277
279233534289
789180114311
726618001520
48473373342
740024160358
994733002769
560683111483
501287994485
840248986146
966160732974
776107685240
711508868179
193271510854
848031638795
437471052500
658584723877
469417890219
859599259286
623240517437
592379849786
647826840871
965112500962
888907842436
287471956901
46358454389
867795640602
708979844290
542142165157
862135829907
896075337811
2184339100
722653091724
806766039840
170533216090
10316475463
659681245043
265054757162
72640992076
758588094737
643125957929
738616502715
97939286121
758218267301
272374040666
674356320697
312393663170
554324170511
58360938774
918450532690
766337406563
818247917911
564418011821
640789331826
688357229016
973631537291
172296047011
512377705158
621188337597
942970713373
287523882247
993366607709
86261066809
493878694252
758509669519
301661241623
385747872741
393530197156
358738086384
505884764206
964665221291
198217064641
926652710145
265140594026
933502525463
274485723941
223719311071
341262322228
59156332598
135558195759
505759448457
933189736097
614847397198
294139956537
661518116812
307812851255
972457822914
221251540102
237239054809
786127529889
156540467714
327965655481
369129477642
231285820140
645867109289
802403436489
635698393274
256767829234
202806093991
729907056259
36955152077
813228521300
725012240724
900929710180
669855562716
621820331306
146594883241
456594855151
19345290720
654992978996
794107186642
992301127608
434543332921
361440991724
474274296567
729014279517
304419632178
728938353907
493861266297
488701100687
479178142138
440456670548
281097729794
472615047666
122615551500
958492498421
448134236173
672753646767
861163958035
84493469064
762520842470
419803510229
558317530945
251046900325
468960938060
716645421154
499509669919
263518816710
863266617088
147591912968
997861794743
331347102864
952071887790
846501237756
781352084848
557623510165
94355358762
566973282522
459168689314
342017812657
496977806426
314700566790
593319041745
962575674850
594919108923
98795568439
250520496016
697808010162
614812962104
143541313390
87335275774
567747699674
306123454384
718509034695
559097979614
441151337193
338066682334
669698814010
467505821149
361743075714
734101071975
884427138533
357571838729
62020394013
502273006726
500139937846
721690415017
691192615458
79368566168
135285280375
733818635968
34158139662
989212961429
301631815752
863919287589
182914229906
659217656632
34794546068
273820502070
629342561204
11413436745
614006938833
973939637638
622455365812
850804447280
316321621285
847061125361
487348755644
910764336241
464634175824
272012945725
271032750592
988114537175
35221758452
850975813930
715989757828
919136927526
214174882019
117830107596
514926408517
568144759650
255653004154
353640270601
218500461108
638916983551
49890432638
428100715845
897696349748
583031256279
478063498411
381442500242
865193863917
289372487938
618143173648
72742778494
587309980523
435254868067
908817071807
455642108441
304780890994
949513882296
22769914032
832860320164
122251423352
769727867932
11385357183
219377859618
855651726559
525494400680
291192674972
901895879952
976590279437
73163932277
656689476686
913722811600
227201520184
22969625722
60757515093
73970129925
512541840586
460320102297
899216050612
695929122477
994759480056
85773729651
975661906109
795324662336
870420518477
703903009828
22246835790
104223002803
494383341377
637403829260
655950420375
276707320728
222402432330
710680541252
784357419084
552401702901
660210628654
650204255770
398936437874
522487083568
97667198973
355936149411
623447440843
174710811650
802408362351
506089686956
539139210293
249860850985
340166216581
592695848485
175682559971
878954626151
284387613393
788677942348
433275513816
401747334196
131768697773
785360132235
745880418388
249747539138
683953307651
775398350048
63013075423
434803355740
590988820459
82918321991
256810319130
360115514110
454934616545
678990681521
787636959978
94247526174
398876451604
440378698001
678353320891
60626878156
487284244678
637052888377
164250278805
399874594197
926337389747
442280025599
968120318486
13070141509
551140064556
112107294238
447910163867
765635157075
939390793550
952399932170
479519170314
334711333337
93095633860
461446008788
315987648400
564516515958
319289910170
397191820932
923930630345
340301808698
941262687085
961313156302
252930333187
684744859924
653984311725
344905703851
633802704828
630167773652
3097888616
633119448038
881488166823
222242593225
709366269664
194955071566
741655459874
374487143075
51051490594
173336254609
647586947349
283146364595
936426011582
336922971115
246867780018
104873078986
574547094308
633510841421
634354139966
844036942791
623725280700
574674136615
297763465394
753770437735
769015855465
116050439295
669237914384
836098011158
644029985011
718208982399
730482165481
34476190636
921906637245
677798153871
107587782851
189122519651
222316769566
972750327949
607921027052
921864291605
945487656291
422991680935
385504049046
239654362136
899543641739
641928860219
545570003227
142471724659
155838734180
657031717048
717414358736
479890818384
499317623606
428125678346
125872738902
667347735274
5827773537
275183021495
969556915644
583081721644
297925416886
48993230519
89446459402
515365066201
348853356033
439650562274
65311691409
242668092754
171135812552
22796001512
801093337979
434758743379
16208797878
878612636670
288883014711
953278926803
598355029329
26752560315
660119667124
822618675611
744992974660
77016860854
961458351111
936152430592
469414319574
19046339221
976388896238
102227840342
676420065041
680618974193
330860950347
239666775862
584445935763
730375808552
875443200204
854594205265
152588136496
833519238527
83962272001
524918528398
90557163422
188707091853
237637779333
947747920604
390992597491
971612846957
783451162465
787137106372
858423517402
261845332707
834001243504
59984934009
176726546953
692350996981
410389641790
221773142605
443551993101
562399056990
212323721993
290109456542
719995653411
334174601372
776544907313
98663634523
614454747555
373207651897
822922524154
170702250298
75087280793
819597606218
94855704735
622290444665
993999732357
906527979146
795701882470
303021314708
729981531296
532849233459
563464434957
375816456195
812467187513
269779955290
380830453074
436129715994
779473589298
19745728684
641649096285
131417125470
574931532922
409511210735
768180799804
53568291880
978776302248
173410434026
805663974801
566246545053
831648625687
547221998227
923640509908
19835396751
644889896459
168119416319
250242232859
418076685286
855528275049
270535389912
183117077345
464896242263
159746503191
28237292278
744155662219
647399659114
422237541817
404109491444
649636919270
859449112427
712598073688
700901950712
798624982393
841820207796
280332834107
547913826843
738644803551
554909392316
973142230388
742573560305
318609787107
604769998462
992009199168
239921760850
761930723968
169185870024
642084372027
596910322509
550146446062
713839041005
157675575275
940588498480
643694674737
569989459987
529675109729
915239441046
56027614489
970413414381
99022274388
227544008098
987670575178
121629208385
566683246297
421769623457
60677167042
677956416061
337772100632
532772135015
744655132132
475842317303
981591918874
242091759748
967025381337
642321615490
549607594016
8595845365
811736978545
947685140919
641694343625
729052810307
986000306385
514030574579
756428207877
656381614647
307516647726
233059321298
127368434383
434860979322
62110817296
491489299183
512472326796
230748905538
671935405278
586229516473
266153385021
67976176668
907663045616
648849840386
955992234258
546808949565
347756092684
361942953306
67015588697
549065023877
501392337000
676420392035
324792457501
530813594151
236732406984
757550525936
638515519289
841778414207
274496542029
345893425853
862861296309
910786045777
480050513800
100533456148
376358098332
199839655713
465581811167
990982795315
888864632189
151164909203
509212726918
117761675829
73812839348
802663138650
442399278375
969763717776
615630893476
786616016709
948865732571
43585960619
284336553229
983209670008
757027811644
722887430358
738814888800
996593504702
646034077025
217517901236
694359985991
960497212429
893656196128
540236888611
543690436710
259711580529
467761652304
83679958683
638061264457
63782081840
570525063390
367240615837
211579311980
993033682402
919904315412
757940873194
486231586824
232944132524
965233135754
445350589243
726623299866
838760575703
177962928312
160395325733
565744253462
9313989964
539406297602
287294975120
942830674874
955508887843
88855356536
335417694343
827865765812
581956983775
572434200153
362563746949
178613294323
136179626132
314959452059
959470225862
900999349587
657632992211
720755640123
675053990034
281521911309
346131359936
506293025357
110315479315
308819144071
560240621602
502918103333
170272632380
639498713447
474447339313
654691714116
358117198812
359779540411
180022906791
194213255527
414496877053
87714789510
53856945594
866754598263
852253793037
465077007307
950439888445
666131308747
720413350936
688513291568
201589180351
226390197485
936484140295
665036400292
721243275824
252663983279
535410606926
645438228871
669148309510
119530780879
627985598526
654965482496
151583573103
629104254748
700434544052
366357428291
745391681943
163819814686
972244464342
553842931720
162842700574
829873877356
117004922555
677598932481
92629279789
377759272109
510358217397
400192335948
986364902470
716330406582
544943259160
612658704596
491441163535
311742848301
360678089911
768597311737
838949275726
150168670452
11572932242
183907360315
223525982471
136058963473
910179527926
837466441779
365387900790
434507963624
309597036291
187594150538
753886778026
710952612455
573051096079
336143899685
747264137806
998257430719
159572252525
845989028846
842828087473
813133966647
789816449679
479438495709
284722387271
140676845829
389914755063
78062340116
163813329719
721482001543
685844591789
492677915162
131035342468
121888547895
976761869777
10196559076
757338372944
479926062398
87105479517
579259262481
54966919843
212862367627
527076192632
417354214028
656025254894
260520592772
308411436784
456419060106
300659948697
821000678539
765608450345
532090594474
701639188024
653499338884
765382585368
177962724109
269715948720
136803679167
424620982235
250650147703
492993087179
125962874295
453785132033
614495724229
963535656015
391806418048
357807533424
967921895893
755596228852
465222891001
721275779771
310135792860
403796703539
873048652399
565690114699
952011984380
45264439842
436526788947
440435929902
922832664366
813813145076
318443484918
125719342049
768413597053
430801742768
492346410736
896458648940
328966701193
941293837
94628747822
651314056077
712905998136
559952283325
83744412367
