1000
281405239013
215192740084
194485831714
992566184005
150111620474
337990963800
916429718444
359322208262
64551652936
612857777091
732291387894
532819215259
776066075389
83553037434
582899475140
86114549437
889593510798
477790811780
945130386603
803123693291
225825953942
234899955319
33460482079
736298317007
489725636049
241787838492
546160575654
376983554518
568552607974
624654754018
163547538955
325593289664
794395685028
667585129436
320177408077
409090276567
319601481662
288532202832
6083153403
658550634852
727936035336
253319443985
396699026265
930070949631
90626812456
629797682172
348308457458
215918909918
975125187153
517875350384
977943963401
102279314009
400430134446
525343438832
377323286869
924473288925
574644643471
305885366040
767021883113
929664797396
979115208385
354550225517
335535660296
190428930629
455627407796
313160676419
567624198184
348564552686
400126124059
126955545559
769100864973
131127634330
759034097424
402906128368
40388841314
870816542640
872769247502
851977890258
593740564653
124184395925
321975373943
879990852061
127198347671
734388513545
411849004631
740051184536
574632228856
857639049285
221073281393
629984934342
807066197375
6711962112
135838316812
46398374150
470953344351
549264009078
794173425148
555407534776
421510312579
533064054824
576988152514
90639514499
58228512081
620683263487
23719454578
584208494529
562697093838
96890584840
927649088998
718977071247
158928735556
324626537873
202964351702
581462070962
70322699012
922144217515
169725468384
113338632134
996132515783
138233560322
589182545206
225490145408
958895002456
243824763068
440336183698
877135270602
683743055467
812734902638
207264233905
525618520919
33458757239
638569369327
810149434540
274365180165
958076498920
260066410834
605726973807
195178510427
209324288575
923096388631
833581360214
811611504746
259409343801
92159751332
187666414920
191512647118
717110124458
795502202493
745781304759
866459437316
986328826565
122899661399
154210371114
899125554949
187998449853
438731578923
707616975573
637914269534
978393196882
663917175041
256908089158
296376347890
399263685059
959845436174
87468287710
47525685682
258693498597
986918907677
575744444131
323090975232
229841895489
520256301850
985931132307
771616617430
6169428764
818552443291
562760784083
488219008538
777075876730
601626006735
204702588445
205805200746
813888185850
211618460573
752929955945
704153770392
858211427416
899842628552
591370950790
462902097106
392833730965
235889459436
152184785522
317337256865
861829214056
39256379310
669422769414
773275601083
648561060933
487716593597
897299276714
204358371374
760080069241
689629792698
102651976921
517038236691
738224387788
262737619367
781397560641
44591450981
233902479321
231583864132
396350280761
926719833734
977074285299
76131201182
495775621447
642248902175
401647562402
378815871795
670785856409
38296119886
555048593626
729991534607
478776850458
78191195861
385644255688
131223268803
493378126607
819880481522
635940869810
889293170484
781938347284
956807244354
301106734527
257126943340
276190903543
933292339539
821035571924
607324315223
674630530392
969797447917
272124197572
535214113587
559025208360
415207426840
902179030817
41072740941
299681857447
534652166209
889811467675
76547693947
836103621494
785289409731
732746969926
946358891666
102188781730
142748983988
608278217773
767991232182
237850594285
322810219124
345413679396
535852779428
602801972960
664444896404
390729679225
706144344339
944990825259
983200948330
724860187388
887787322203
438184747407
652460348929
193445698770
672294845672
451656280278
270656187497
501619015830
631730449545
404852616289
998086260297
182930534549
277948161273
896772764708
504861508547
734570295828
426413834655
599358604977
320394712436
492199644411
254230698406
181289468089
226332092173
253878626740
168062066987
390634128088
505298080363
498529511071
394184249450
167704307481
279552963780
90187420880
449020076598
884052775230
198524412338
642008700991
926780166162
311735902097
915115485929
466688445487
204143263483
371378357182
841377404242
516343139435
16570039964
931050392043
938378073850
480629445422
716339181779
984416524633
32654703912
544456132527
972235374481
860109972436
388870892183
139276238884
326386120421
145406177416
605735544107
489399519311
264733146547
882131813733
232646239550
67059983209
883599181555
314259146002
444627863987
592429942775
918697957863
899061548116
227080859790
864562666571
928194727701
134049172891
208939190770
840157697236
802700476742
83424576849
541067823419
262129987707
347182337389
222141418366
892092126522
192325985917
752793641103
735071480083
548459849451
966030679791
577532215334
786793810582
494018496125
851634904293
641124864960
893788543908
574292644912
234595429322
266099131363
179582686596
667953204365
383377322756
356184186592
49064585636
392315455646
866585710796
817666243495
633526513535
564952108441
77094009736
667868645568
625282851795
620249265126
158933002753
172794675093
570760139047
67811222037
22534069270
341732562168
138519156306
262018171682
913615106880
914734363477
379154869718
333776329163
920072637274
741066490014
453978814988
882066107447
751289410449
776273209262
869432004589
883740809967
457228086740
777318808335
360767537257
572759298144
477411130734
457206194103
327979230395
930026842817
407411764163
72879656089
918461772132
204315207948
661698326608
875370774098
799569291474
648902124990
619774134557
98062890783
854824652402
668177321003
539000672390
92555339303
389393763012
578463328370
21680927377
27619220043
762295846839
919153173778
576039199069
745390494872
47419044859
671399484122
977034993890
828446482906
650305102579
114666199554
994788043372
616508197811
714555780230
550458122617
509617028040
78469808380
812552126132
831514275810
810811460346
885751475709
963627799773
660112754110
227287605799
291508886201
599487738994
907513645373
617094610845
12846813402
513005398073
307972817726
738791986859
286076902279
931680842246
462406214530
33086283090
955906134237
597565342474
505949314743
636353280102
318813676459
648556136184
288187670957
655689972190
612536055311
490739745338
341044315058
465008750500
11847350080
214485921685
496455316902
754431804680
439449831495
26321557166
512617971300
478525385370
379929272753
539375538238
618162905163
812892661294
643778512293
524315239831
163005076002
856495008582
44389197078
224798261525
720175612396
278516433491
42708991298
379126741921
502806447988
374199985013
600118966106
841305067639
25998401189
264965584086
873195264665
754972876854
838592192642
392475205818
655425376449
481830822062
943877030081
847153515349
778574106775
253434284963
164202763017
836349440423
227874223792
955279857021
926457275941
160070190815
797320207033
614540145909
974919794404
751411860139
173519532385
131387200917
570196803878
142830833100
636690513628
407095689160
86386740582
598888806730
188556793888
466224736691
737244257043
806342110097
149568239583
285429334225
769219803829
126271487976
73002421822
563695944575
850372583130
844602731659
788714440027
201340829411
610125742870
847577202043
705165980332
761210284382
97115814150
509252485337
34073546501
700081371698
597039164491
433282162977
669648272499
272133608835
401650241084
180204771788
696227502253
51057200738
531427296352
660264893864
98064777120
515974668011
369821699141
109982692393
617226095312
843663216918
221315236769
987674147713
700214170722
843411131837
652135062375
436191216344
950741498647
336626498429
732255610434
281682588171
374781192942
100155944624
24615218084
634068997887
827907595650
268856551938
510043270370
447785847438
561382025297
492424549442
12882873444
170045289607
894258425263
880720269897
315404332535
259612942769
1233510743
907610367666
691296348452
629139775481
492259698469
789975886553
635772949682
768317332438
492875416891
648039468778
207282320874
624210011094
349301688625
746941592271
622436340961
578996541695
666197322911
737192970509
764379789318
603238101830
41861527407
720417391499
247080702669
971558547138
451844421387
879632807178
474791086682
892438433261
613831940041
824061691906
321866883714
594702542090
638609432256
983416652447
376772312966
801764381715
25959283862
783482127001
641463382123
266605951912
458311620597
781693737065
444688380510
734232964665
89003625041
683149990781
263330911043
511198963031
971277643848
337575597641
989313426381
453551539050
866805173943
945034919359
876593636660
991049034111
869052908876
190415656881
938805861550
385713300209
1515982987
601541892368
523252430862
79036778229
282249340776
38680575994
640663594293
529856270893
170708583349
299083687585
411091248419
299400851194
45846365645
248396682297
504839540585
303563135092
784284407134
754827043669
197725261625
974559413938
393228505593
431108930495
316060160392
459690129822
676588798291
589506695258
244937304105
550951946801
295767390049
124292515244
454040342994
341292237897
466964511678
514327137047
303504511605
975714143848
771803878321
578932438385
726973417859
340442399807
2511984542
53082010029
71675816868
453494872664
443758813286
892789331452
31557068808
915475863404
50768672608
762997618518
503851478686
588552039239
778926963617
704320567322
247637888204
160901463145
51443538770
751392906921
505315454417
349561857298
716992935645
786112747690
457124763957
827198910326
667605835388
973533024823
190351283603
250862963610
427702552348
822745510921
347886482158
43598934888
531967932235
427050109222
351798894739
807844085668
669550340300
933251033614
698472270687
290015420854
410663766448
239665300047
455681589096
86020606489
247620305054
983594969070
269236852584
922105646869
40985057622
575785372553
906062155463
505830911275
696729665449
258201737990
58564642950
661264920998
541606636224
94886491794
422904361530
464493274397
355351631951
329903481613
91657420376
184878308126
295587859396
69171554740
912523988072
106568922854
776117451223
370869572585
911194383126
531872239737
185764016510
168610210414
380255923216
364007385545
413111960619
664889271325
646382279758
728351789941
688529814105
101574927057
202716932701
294157714668
898503234659
21784722037
768186233417
383814621977
818078711361
155522326173
616502552729
928565327067
115028815883
24255206342
943739779522
791195623601
862911841188
647409409974
242632753831
507118009243
114686048289
933251895354
413529506202
47805364940
253913581976
244068790574
527142100168
909104685202
749524966521
779162688999
125669758812
38303415280
523897912882
570076932173
643340505217
969196416684
79960986714
15270109863
109563879737
488812866931
832559349782
713115049123
757668467013
827333708870
327175318921
660281229668
110304994946
410921877678
540159828327
753100408986
331162227940
317467744503
445852679517
178956138236
523082482419
736408517925
504418387710
465312198002
18735786039
245483905691
151320016416
81491777230
949408164731
816405912667
939703445231
756786026507
112173333706
457816232091
75688773582
420444893679
203614996799
642341698243
35259204325
878667475119
7035109648
484757260000
282182199533
912091832786
931235747803
830600750332
267518446049
541395008838
518900664235
963518884155
50082592006
812686608854
907626532038
318131894469
562139907207
389308648269
123438233407
327172633683
769794285538
79360360873
140294143090
407786941685
237639815015
364791407709
116108922953
865407254716
612184596174
597478486404
75478408781
84752496919
693182098366
810485944260
206337701126
22655788599
277685208905
670576619754
450963892822
866385328789
230555033182
777603229695
640991567529
754673580556
946585697152
101777608257
54135508019
790079823425
174382726403
895512267920
273212155585
867034174251
881862012611
517342544374
720153616027
272332084521
648850672298
20457883862
487006827610
834626390671
600620554877
628543804882
933072521624
331972883989
285917007421
96206312279
25043504781
209125052260
250468997908
701064200116
374105368610
146614147492
25564231481
119592161189
764582826123
295924208896
554425039948
762959466257
10678947595
264237959494
227709123379
607429287313
105513600938
999677354138
822126451359
627185483917
20847447009
254697531947
252502990105
456395686042
774500640243
376846921309
169371000139
843494067561
107984061561
245158260271
978090018920
301093366542
42348861812
753591606510
692020142648
609671289860
8040380494
369029044054
894709118232
920627170254
616584755685
663320649509
463675782299
890253577728
24411759101
466917533242
324163803941
338297839263
946026354491
709020483507
192323349685
290092369406
882854349119
592319472283
161106869977
918043077203
595427009001
220470495018
288078984237
993323456309
978577038522
515064405203
6047199216
306694176385
692881664259
791190541860
647669074817
911249552348
629281723933
981845160359
588651933387
726899036097
824358416665
345483289892
920769233618
76713269378
746986031280
825926955461
764532279590
794784101938
30345318098
691833026771
234532046168
894682227696
672517601349
702441342929
318786535370
