283
26
268
521
433
539
333
129
178
263
262
419
939
628
571
92
945
313
325
359
158
952
410
193
68
80
927
183
497
60
562
981
450
134
488
344
800
10
190
492
66
935
699
595
76
849
988
598
665
912
942
691
579
178
418
685
802
241
206
285
277
815
984
219
947
197
97
88
483
956
430
603
895
823
433
117
37
348
124
920
533
95
379
319
97
290
161
162
626
838
807
546
459
840
932
875
334
628
493
119
539
298
352
513
623
895
103
32
359
899
187
616
206
509
520
201
556
340
801
349
737
859
129
936
521
621
904
503
393
81
762
777
573
82
866
667
223
240
94
114
180
491
921
154
246
677
51
145
214
237
718
899
573
181
852
185
776
838
260
547
366
700
895
296
978
426
213
546
446
604
29
719
754
410
345
537
31
323
242
792
746
580
618
273
811
434
310
512
374
692
438
870
420
157
265
679
496
636
866
173
294
541
832
734
963
264
527
434
316
297
89
431
664
53
535
302
932
299
87
391
725
997
365
90
503
439
96
41
824
192
421
940
868
612
9
408
584
572
327
31
109
805
483
721
79
643
872
484
318
481
927
420
62
476
711
459
712
104
750
66
310
600
927
77
844
682
49
714
354
927
533
369
170
363
896
494
956
205
705
135
478
808
99
439
