708
600
696
108
591
698
957
674
337
242
408
778
789
935
540
29
581
155
104
734
444
375
770
624
752
187
271
104
866
433
414
798
749
802
646
975
974
408
398
595
389
511
29
143
605
579
697
357
494
366
686
706
541
805
426
813
169
579
952
693
966
527
552
66
665
100
123
276
70
918
604
6
93
681
381
193
126
63
374
448
53
436
718
852
32
873
238
928
737
451
257
821
413
797
794
719
754
202
862
18
660
92
550
286
201
623
552
162
118
733
244
226
410
435
664
937
493
136
836
642
961
794
73
392
645
182
625
836
487
753
742
793
738
263
113
648
645
559
837
431
715
48
938
301
967
453
251
98
901
236
558
64
456
536
320
496
458
641
10
93
380
678
140
204
726
109
683
396
382
34
183
576
257
587
930
655
107
580
138
876
860
757
244
489
457
733
575
129
409
560
328
589
430
949
285
993
748
744
925
215
871
487
252
983
844
290
615
755
615
833
981
845
801
74
394
155
92
296
661
176
885
551
387
773
734
624
4
241
848
508
217
362
727
131
515
814
259
590
822
887
143
707
292
692
960
40
379
920
197
109
683
424
330
778
89
863
67
706
268
389
601
809
895
150
307
338
91
447
227
82
268
510
108
351
774
784
836
285
28
539
39
943
741
13
22
610
568
819
245
85
615
272
425
101
923
637
52
216
950
597
555
720
417
69
572
166
272
367
391
166
775
631
419
100
992
829
874
586
137
865
20
670
956
592
587
228
184
29
552
828
212
213
605
698
575
102
331
241
876
787
144
354
972
954
409
806
622
438
972
21
442
813
68
785
668
498
657
276
660
585
261
295
512
604
223
954
95
120
194
356
41
706
202
32
389
853
967
188
388
625
724
528
456
647
252
190
125
224
290
959
898
227
438
409
891
622
126
320
990
204
335
638
739
742
445
123
321
736
297
120
535
593
429
784
924
895
634
553
568
422
942
879
432
190
997
304
478
846
109
788
551
34
778
493
299
557
905
507
959
919
74
664
978
422
679
219
719
890
886
172
485
356
599
279
225
99
434
426
807
99
68
344
954
40
409
171
743
36
551
284
405
532
829
624
152
40
559
201
606
222
6
80
119
617
812
601
780
574
250
103
77
509
822
463
425
852
624
895
847
191
453
431
465
566
497
601
119
138
88
665
505
482
282
993
621
547
44
677
269
32
186
12
900
480
855
625
588
4
617
164
93
959
223
433
512
649
976
239
678
921
818
968
299
306
326
364
619
804
812
956
794
3
805
146
253
39
441
794
958
772
863
497
441
277
503
487
174
747
308
736
26
356
644
61
332
385
674
788
723
18
600
498
116
439
89
571
663
247
191
860
456
352
1
611
733
303
358
830
649
562
162
689
373
474
56
197
381
571
616
709
828
434
100
273
807
777
950
205
977
139
77
492
981
779
864
795
284
669
17
879
83
510
204
10
235
800
515
218
198
424
923
561
374
821
864
591
634
998
156
235
141
803
105
132
922
829
933
704
31
697
39
722
420
804
894
303
599
502
789
576
349
65
533
164
342
315
401
507
913
703
945
336
355
633
591
4
597
822
727
229
452
568
582
250
835
297
631
649
605
325
719
158
995
824
636
86
966
278
506
