1000
238953781227
992791721997
136675588656
248124619154
323647049131
674514144361
752889437015
487589760194
260765217914
481212506033
218971250721
804333389341
35821079473
192412118588
78236411928
23144355493
130653939265
985311911655
952971469828
537192797467
307198419465
474812821644
844712688700
686702402783
444401295679
809427350393
893342454461
14676808821
696986480136
41298627509
1333213238
248277408683
464392199698
515183878997
770761015029
641657833569
98585102219
541935533800
526821479567
441695801649
194275205379
15590226549
437980238336
983659860152
164990396009
142183531075
135944090123
233133239387
951523136174
167549781339
159008709666
779114837777
863225631330
769715749256
884655967409
397888933031
263470304687
225669761899
316285368815
781346266076
372643947707
20157692003
46820434658
151925296018
175263003100
773637915666
182679173046
999620251841
455353695693
395607099723
756938084750
339809442824
48704907185
765073745557
817677969582
452461978433
965213278312
209975722147
161913492334
701352927006
613306793674
864639262042
29922533929
161662786927
419104835881
147136372747
919671687886
64117525814
442462367098
69069025245
9398864910
961554699604
464726854158
803888817608
633079698535
465471744932
217151581320
971108378719
990662239040
433538842910
487372810408
164339279028
38686802873
937822593884
210726248111
481672534657
56658742320
940095429381
491841050738
739863273306
350492501840
26623398564
27546123147
368812207360
161272637569
476424097190
122123946986
871214688613
358738855581
326855726815
674106441490
273534329626
881564378363
418125052056
858430017403
98730058512
413035323212
856004583449
28197636784
44984858120
495880335413
526793027253
399805624076
665851349313
708843101461
775941315451
911194581597
401178019118
978344180349
299502310656
821854359195
488770954120
902124208642
701882125111
317515004613
857035590056
802227328241
681535946971
238634487937
731223554395
650229584654
222973330331
181647093279
864320436521
949422998479
508189994678
734560653759
652684943513
944301742394
71331573961
861058360787
670288157263
615746827188
311438231717
392729593244
38499622788
670841335755
489295528122
602065125788
111035157283
979751515079
829326361931
164700091291
597774316544
337135514124
610194209050
305573534708
562929150658
283222500460
960383913855
599669896593
738615708351
208313895233
216423780114
30010955657
632770015076
688413446818
568337052212
399155266409
986583616257
131649797221
694417321738
873920680972
184780336757
137447270018
96620978116
678041180334
426923075912
274250577079
93610896517
87978078765
377740718328
294289536198
901980477902
680072586785
688285366274
580529554182
360743868867
614146712109
539875140275
100655428991
678673782505
819802662263
135039383604
545361080878
823382120844
904220008551
334934172564
82532944858
527984453690
820833551922
860294837052
429817466467
146153665781
726659787681
285464191957
452006760691
61030580419
824546705825
452405970825
638509494766
804386642570
107925936114
661182702673
390747456682
204554982151
248806531745
324653368808
559769613429
160996739945
676220304251
434331598876
705046019445
797396584500
446532356019
865402171480
494062247325
498774797207
466637130637
971332476060
630926887567
987406909839
742587840967
344644106144
728724369926
787781124143
378924128022
834805637738
399742830369
988470728996
480711561996
771942928029
736518052594
139032905873
667856047091
28470591229
625240817868
687691927150
354777922786
437260322433
573742513598
269676481376
15048891082
318525248907
222554660896
675531221410
301382216740
231504690323
187741535541
250525041155
177932746182
459555263752
80707187662
860860070559
654361939293
345162930818
292164691707
122852106155
76430524308
998192383734
326507270407
305955659221
304741442944
817905662244
107551529776
157039090354
52672116422
568876568823
675975985155
546055270018
848827603431
528014171372
206066247814
816248036954
675351802074
965197898788
871695940300
582069692541
287259250092
432728916183
568708201622
58448084987
943042120313
194409910297
288920527050
11445828312
790172687306
686425119730
340017353040
114329982518
905294374040
61563380945
142005669543
149727956649
899400003214
847240224863
174926332708
467890959702
427008405313
607827423311
775982815991
191065894408
494086455101
253979566870
725466956972
197770396497
529465564868
736808888179
177613576396
242218775672
900566161739
647690079061
985682611409
118479144715
598820606812
504559209837
5792848483
646485934205
524996056907
289704442068
187897063574
797584140514
19713832135
935029609691
648963906879
953009920750
514258616450
294367533303
563312033627
709051780688
708434844744
385007110646
714062174594
518832611038
121829065153
698638063804
622916927340
563558964006
891430870704
705212253147
509735368461
742297060058
700904296127
605266593430
589641224448
698249124281
484011722698
782440601893
880739832294
706672249996
969072422055
858931847606
755674196525
946151203827
198020203949
908844233042
843174974848
679492408707
298368354732
721300471681
495044200230
237143885174
411755595003
61856897987
336087905873
515492923433
262626759606
324032932500
70043431155
769080804226
298380776095
174030440395
676007134967
931748837290
356104428716
924398874079
35305249654
204123652141
37308540380
266114520775
494070609916
120203052679
276981046026
705906540063
524389380421
146879105751
187580300496
255734342499
393699432018
36592960263
894221208638
695825439169
341144932117
308057126281
88078933752
495032260573
503403963200
554561760828
781899125539
783102972996
748994721652
31825217886
930071480291
210252062495
764368073227
439825387981
282392521761
252457046421
688875104145
629505409283
579077637276
651817512846
907109341437
259492477129
546972271945
981653639083
78336026498
64955563650
552789276297
730286622930
906789817599
585555618387
421702515847
778867076546
29343528138
670798519837
347409115040
48083035378
333050566153
974645786385
963560178785
920342070259
976218680020
526029031012
483060578027
948983798620
282590991390
905395671909
502233909096
68454095202
370554301566
11557440036
403930992535
986947431623
124693258978
251161471947
236081757139
507243809929
237785689856
263127121917
613726369292
59187222744
551179756641
648358985322
300780235720
70457349235
813390902871
610356696846
521639473402
346964395146
690300351100
1833870179
379503840664
199099088216
242055529551
783513223001
986037696742
497810595927
2784258816
703365659994
587151387767
581929068018
959709776976
706355938968
978778944348
842736013129
798481917540
297343291686
131283406570
548239027050
643871876099
235250843864
481957558550
782124351828
679998688978
171716070903
178338366824
462285058985
691545106300
478710030495
339684212459
155979246925
45996696613
24229071764
575146914676
665269183492
921505787064
24364957801
613804053958
745005122734
576676593757
144875369001
515511994586
772308727166
829870333667
23038195853
798176624849
270637530021
331849855087
182506839904
944874556485
212768772831
998392060512
977104976699
526066046015
652173313932
745169632497
696771566460
172742255639
983862000333
577967883988
743190153750
870761324617
671454707014
146026177077
235802388201
575476083615
45641287396
244174553807
278944499787
636742360617
570909423288
67304275348
274651264144
151432276257
337227172116
760591379424
517060765754
241125225052
760089449825
287112501217
142920444610
878169669802
376577240114
304236317340
143981551731
554742495867
539488358368
205387520548
34163598600
574119766926
446422182539
229249622281
440783655754
528146926823
555189771874
553360806434
219443022312
555791473292
653717817668
147339459019
195153420719
873886553133
85544346060
227763195728
519036964015
375077171353
643807638304
276027750562
309373762194
252088737013
470169574438
988675116398
616368385240
509098124318
849132307129
560149000848
979195601889
283006672013
138975009535
404292283310
376858158699
4711010617
806734961864
796612122274
903843751810
672545257819
396975728726
761543397654
914164677272
802659302930
740335965979
87996368960
949308721936
334490000859
531301799811
140485649453
876898658043
405300077867
400812592655
485241998474
293617800905
822388446597
145642819392
815540029756
987419290685
322592025969
871422956039
872747659554
397247890150
39363690743
865127993602
792036723508
492983641457
978415110272
881573599316
253754000113
536337082145
121353786059
865508430162
570859260734
98371798396
921644870303
281833440063
284879888686
560826034134
587531647062
119522595183
460968307481
111205383030
456787355468
960973354168
264866577674
845044277799
667328487135
377540565327
938893596610
95104086640
685993906768
367258396522
425788259509
767731558751
599945452993
199091019777
543325098195
28109461009
705773126134
30924040268
812780470879
466061474532
180831717842
917257448498
908527257561
439330247643
147268487313
549087250998
150600385887
972391940064
525475926902
704264741919
190416874970
670368040826
981262164999
547282426290
765776073025
727737718231
303623957854
634889019919
226066846385
597377346783
49225604935
976010874931
149382516946
965188220475
252254049313
492036159964
994529787404
527648441304
872817877307
179909228268
679772287560
562756675954
439034131173
838314685450
460043333544
784309319234
413072010007
420803110096
878032779299
792481781244
517702349660
392357098926
600143513963
97610670703
365292874731
825535691380
558201558254
38226605166
731779277395
901901530052
613281083765
78566334815
825918377275
99824766511
72869182043
323056402347
944899857028
243547846894
208745633044
753377781023
154476194082
750171451152
736618965866
335557281996
700522164802
143020455875
798322273795
921996470790
62413236725
519637265415
257579404128
369836328140
843797210753
735211543383
544564586830
413543967178
184200632040
284211689186
465698665240
437510700848
275532203380
482885548340
104881626760
399423935432
696556075028
37406433546
929769308147
375505293800
352774362036
201767575220
880891657274
753369795467
481829546155
890833705977
715026372685
361543437647
758357117527
703844415237
945228767961
786563122440
365075083162
647280839303
361143216889
99351847347
818093159569
290281287157
983270366112
16530352868
308524072180
740076704781
197723493609
815087604844
417529085293
177185080552
141396073345
374596157911
721910065407
714267451131
243352598060
470486122798
746040119653
767575700393
851348158220
987440737002
53790378926
51578791358
952884315308
459749024698
420123475273
832386438370
493267221065
138275972978
741570146505
657081331547
95203201543
337248421638
567442435177
886951537865
795027277308
114317688769
165264537277
499091778477
825179016665
967789688306
989131191506
51141909277
149898957295
889423527890
657745232431
302999052972
765028066944
344387415724
49057623969
988946115553
667952606315
300556483342
533173725863
598676830876
260658521549
646693293549
704034815453
252869256738
391213812235
696199554042
500504364282
817442002575
114643893590
945127287377
672079093767
666742766341
232416254699
940655605109
516224642762
416417967661
124600291453
791278916327
189608167302
328515897700
473586117229
694696964069
654433936909
868002986211
118513625445
121442126666
812966683787
928612202565
920985178027
731062947279
812570696290
761720296579
186128499719
277751278430
111017620426
960596216042
492670304720
761072205280
813134189942
179856691128
732543967264
308617960864
598197727987
566905747650
701057830657
285647407264
844221841750
991454142821
562914532177
827176009297
276387720948
479122137369
367775936213
348038396867
959801652182
311036498367
484185037668
610146194781
593962420348
501676231900
611444698091
801517581241
574343064158
952124811266
251822938172
729112064304
113894441500
799879703206
662073297634
572975832754
85977941295
707045090313
621262311236
504686566847
745658917415
572887214292
594470285838
586580510171
209557486337
250736181945
503662995448
234693577101
9009191215
627724356218
140612867020
884788519196
824763891519
666211962906
855202966676
565347202937
904762637314
101145319726
501318649894
928248190740
220224040348
989664377180
14141621790
642981298408
868955096131
841135250682
68828070432
84604290054
834544554533
556625860721
813285884407
857550501082
278056777990
335390339298
255463357456
348755625660
897377947635
486221811961
923920577792
972045425374
889010424709
428857698331
293843432439
383672153805
889891264923
261207599416
464880345205
4601651674
347579928936
578108416530
799117524793
644856705965
125823751617
979417769456
265881499206
106393446721
601490644917
380878831322
389127480773
595305762838
146902683527
353237084069
143840920638
127059120483
811634004015
715944223515
620471544763
861886276932
495411018009
204405156108
73147232029
321044608330
325877825189
271987838371
49156075600
285966703936
71225661355
672842579854
917279181426
574386601935
834921053621
661312543348
925959761681
496889990192
952859598671
89001093615
992138716462
609070789399
