819
8771303
6460435
5539894
4243639
4230544
172844
4563471
1671696
446522
1015811
8396361
8183256
5788515
5176991
5051845
6934566
2049080
6235209
5905666
2159791
4933496
5956565
5365114
3832859
3884624
7199973
8530051
623035
1213115
6719218
6664068
2076354
2811900
7660474
1470876
6625006
1948177
5522846
696105
4482180
8637292
6233864
6909303
1451772
4202800
1563592
863653
9506047
5537369
9551303
9211092
7139324
8016061
6736122
4742941
7564128
4394487
674957
2839893
8711286
133209
6072635
2800542
6230191
9636638
1581416
9924549
8562822
4777399
3522365
5334302
5235360
7365838
9280198
2364044
2910642
33030
5771900
2893716
5452767
3597039
6188342
5614197
1832469
13744
797462
3844144
9136141
9598115
6445703
2621680
8033619
8702387
8438004
1098319
860773
56443
3685082
1728300
9143661
3552070
7587606
8951376
3173324
5541008
5487165
2232549
5826251
1796827
2254194
1885645
8232612
8413152
693902
1424477
8383083
6319472
8160589
6999401
4926849
6436450
6106022
4148577
7895983
3238460
7183537
8387438
8377996
6586829
4302251
9926987
518741
3022999
6559774
5847840
1865679
5093875
7409467
9173175
4465037
6748241
4890696
489350
7571266
4055190
2348951
1797176
1538906
1117573
8588249
8111320
3774109
9661013
7463780
7240494
9643010
5687757
9031806
8538947
9255053
2611023
8885615
7696199
6046466
2882308
3078182
6867773
9036398
8931845
3282336
4847572
6728625
1149316
7735564
4127036
717533
1100785
9530217
4112801
3869827
429835
4800649
6907195
9837805
8230258
5481746
2827876
5058484
2380669
3594545
2426320
8715339
9146988
9312422
8459989
1326065
5844546
8412988
5172367
1019318
7279962
9717399
8098637
5373276
4703696
952139
692892
5632293
4457353
6686603
8057838
7075304
9717675
8900590
6730103
7787588
7406136
7214215
9190851
6850038
4367205
3565260
9339331
3167406
1705411
7382122
6597269
9880702
9355822
2988061
6044407
2505758
7813539
6949802
6163146
1885729
4800742
3308887
3828389
60324
8296274
6507376
3379105
6624566
2159599
340279
5986195
7697711
3015657
5579615
3600976
1044859
8067329
6953290
8334643
8124659
2385091
1887152
233
4042157
4619223
6030504
5011467
8239100
7566138
5630801
6731975
9893675
8017468
4314700
7325820
4527860
4219232
2358588
2879074
2899045
8576568
4282836
2793942
97842
441388
2801552
4889244
7106321
1162065
3237352
9845079
4003345
4548351
2754279
8810445
114979
7907083
1900207
2628296
2469532
2995240
6144863
9201149
6054329
5403862
2213229
2211582
3442869
7735424
8950515
4355773
660054
8006998
6982457
3652729
5560596
4232541
8683858
6199812
2611273
2523888
504893
8477546
3276684
1632280
4438161
4385337
7672125
4485374
1111940
7358707
5188144
1163997
4677490
6010890
3723731
1071491
7122664
6291833
8216179
3582361
2567018
6185374
4046163
8324150
1060757
1759398
4792184
9924168
6501184
1674121
1336382
1797253
8098474
2379439
4470373
2211808
2733305
2468007
6318180
8543161
9961246
502515
2808092
3949633
4517260
7938757
5097888
4024566
5517699
2421393
6623332
679871
4892793
8709546
6904062
1193784
321087
5241787
8538747
906945
787304
499251
731493
2297753
9059832
3802910
4434668
80706
1185474
530596
7981176
6127428
7564910
3313519
1360222
8472129
7104594
1096994
1564253
5626995
9057638
8834418
4947634
9372487
1153467
4132956
6577545
3264407
6814352
3168832
4911688
4766279
5360295
5853941
5617482
2161210
4267136
4026046
5686915
948943
5515241
5394786
8747058
2528591
5729201
2085588
8066347
1159379
2812485
9774852
8805047
5470541
7168315
2184673
1723328
3965953
7039957
6234427
9977144
738987
5384789
2574272
5389629
4879203
8231172
110765
7615247
234556
8531174
3044202
9385608
8160090
4960797
8875888
4407306
9368970
3487950
6656516
8717511
415955
5274456
539129
9573559
2867044
9512974
3636793
5698051
1850056
8976014
2941486
2942548
250649
1473128
5016235
546601
9456063
8274
2012931
7979322
6896314
9420193
1687421
327195
349791
4804966
7131141
5174642
2091268
8023847
6741696
143774
9111435
1615884
9337795
6693417
8762918
9502272
9533219
8135861
4291263
201874
6654851
6203258
3883825
783014
5537197
4366693
7608089
6033713
1513621
9566195
8904738
4012224
5700340
4748924
6525567
8043503
520672
8643137
3132709
8111481
495846
2408249
865665
3519106
5641704
187318
2721063
8840386
3054237
1304745
6376882
1056322
2241311
9606966
8024355
6349611
9975298
209762
3753416
3225918
8786368
2191544
7650816
1209288
1358917
6686691
131667
3944166
2193983
5268424
9318095
7751001
1088359
4117515
2429338
7806824
7675361
179374
2378167
3925875
8289164
7485065
2836402
9049253
400627
7728542
7674876
5515862
9540146
2123246
6129448
4195261
7946361
6777695
1483110
2461438
6757494
3066205
7481875
5977444
1396267
9694562
3543249
4506651
5363628
8497907
6871408
3235916
4789945
4425050
7578717
7262339
4069444
5788808
1266392
6344073
8735931
3437414
3628458
7441736
1403590
7031074
1519665
2257402
3711415
6666539
2588163
4761275
7609957
7598816
7557178
2148451
736757
3793181
2560456
4131534
7461336
8832652
2837702
3198119
3656615
5273238
1646942
5916742
9966359
5829999
7851854
9100031
8257739
9973350
2519033
630324
7215254
8138874
2017316
6332423
8394045
1191633
544880
9177022
713821
6741239
5899276
5921894
5133412
6008611
9760188
4760102
3613064
5393826
3436616
8620995
2248604
972675
8681415
165855
3952786
5746077
9440223
4289140
6921459
9704062
6360241
9673844
9994491
4223147
6595202
6227645
1061986
2055874
2104705
7181714
5255084
6591337
5569214
7726809
2847549
39762
8526362
7037140
2571129
5611576
7467225
4548490
4417708
5818609
5909977
5537473
4943415
6451133
5101816
2015643
4722178
1996438
7599287
1423412
486578
2994210
7273308
9481587
3709443
1866762
4132275
8696254
3260269
7623637
7043207
1340320
2987801
6342972
7645561
5415929
4615905
1598437
5345601
3061261
5909555
9055765
6029809
4538840
162634
504112
1673641
8487561
4702674
8180679
259381
2049319
3703460
3843786
4880594
6930928
828622
7162315
7408344
8699341
8984724
3328841
6477246
1556030
7246089
1691371
1271976
8871109
7377223
6885848
2383695
2136737
858574
4364628
8029016
359828
2682312
247465
5772797
7257168
3199756
7170859
880502
8502199
5840090
5095354
4907685
7592366
2297548
5913676
3804767
2195195
7942454
5656275
9480021
8367542
7746570
3388247
3037989
9284570
1305419
6169740
3948554
2781371
279560
9049345
1427584
4608986
3066320
8910455
2431897
228663
4566763
5176660
1805668
6310168
2159437
1721778
6994056
5200852
3679442
7335269
9417573
7211667
1841188
112287
1910572
7432149
5620846
6719941
88658
9272321
3490177
8415416
9031099
1598184
5967484
1683455
8221757
8797546
427768
7896585
6281711
174723
2280260
